           1   4.886874       23.88154    
           2   6.259655       39.18328    
           3   5.914812       34.98500    
           4   4.599028       21.15105    
           5   2.280770       5.201911    
           6   3.214937       10.33582    
           7   5.149478       26.51713    
           8   3.905110       15.24988    
           9   3.364086       11.31707    
          10   3.892483       15.15143    
          11   3.128578       9.788001    
          12   3.353914       11.24874    
          13   5.329992       28.40881    
          14   3.338939       11.14851    
          15   4.355436       18.96982    
          16   4.803933       23.07777    
          17   3.819839       14.59117    
          18   5.368290       28.81854    
          19   5.041066       25.41235    
          20   5.622269       31.60991    
          21   3.381270       11.43299    
          22   4.758917       22.64729    
          23   4.458229       19.87580    
          24   2.422934       5.870609    
          25   3.264400       10.65631    
          26   2.997555       8.985335    
          27   4.665657       21.76836    
          28   7.378899       54.44815    
          29   4.569103       20.87670    
          30   3.653656       13.34920    
          31   6.193636       38.36113    
          32   5.585429       31.19702    
          33   4.236832       17.95074    
          34   4.484372       20.10959    
          35   4.234058       17.92725    
          36   4.758873       22.64687    
          37   3.975071       15.80119    
          38   5.459946       29.81101    
          39   5.712773       32.63577    
          40   4.069329       16.55944    
          41   5.090153       25.90966    
          42   4.606253       21.21757    
          43   4.181582       17.48563    
          44   4.999995       24.99995    
          45   4.133077       17.08233    
          46   4.483748       20.10400    
          47   3.947586       15.58344    
          48   2.571862       6.614473    
          49   3.279624       10.75593    
          50   2.999109       8.994655    
          51   4.728327       22.35708    
          52   4.391496       19.28524    
          53   6.057950       36.69875    
          54   5.503293       30.28623    
          55   5.564255       30.96093    
          56   3.257981       10.61444    
          57   3.610493       13.03566    
          58   4.134556       17.09455    
          59   5.443447       29.63112    
          60   5.476914       29.99660    
          61   5.638816       31.79625    
          62   5.789106       33.51375    
          63   5.020695       25.20738    
          64   2.844655       8.092059    
          65   3.692331       13.63331    
          66   4.296616       18.46091    
          67   4.027104       16.21757    
          68   4.716133       22.24191    
          69   3.929078       15.43765    
          70   4.159624       17.30247    
          71   2.290834       5.247919    
          72   5.433668       29.52475    
          73   5.216149       27.20821    
          74   4.814156       23.17609    
          75   5.715199       32.66350    
          76   5.788119       33.50233    
          77   5.663209       32.07194    
          78   5.245634       27.51667    
          79   6.086596       37.04666    
          80   1.910030       3.648216    
          81   4.259625       18.14440    
          82   4.318859       18.65254    
          83   4.186423       17.52614    
          84   1.379494       1.903003    
          85   5.318471       28.28614    
          86   7.082772       50.16566    
          87   3.696382       13.66324    
          88   4.364721       19.05079    
          89   6.317955       39.91655    
          90   4.601676       21.17542    
          91   4.017750       16.14231    
          92   4.184205       17.50757    
          93   3.962494       15.70136    
          94   4.349640       18.91937    
          95   3.656134       13.36731    
          96   5.378940       28.93300    
          97   5.168901       26.71754    
          98   3.308413       10.94560    
          99   6.060167       36.72563    
         100   5.979675       35.75652    
         101   4.846786       23.49133    
         102   5.247574       27.53703    
         103   5.238392       27.44076    
         104   3.150079       9.922998    
         105   4.358133       18.99332    
         106   2.804433       7.864847    
         107   2.537662       6.439726    
         108   3.164923       10.01674    
         109   5.419482       29.37079    
         110   5.623549       31.62430    
         111   4.981905       24.81937    
         112   5.685492       32.32482    
         113   4.646491       21.58987    
         114   4.989303       24.89314    
         115   4.444073       19.74979    
         116   3.897666       15.19180    
         117   4.773003       22.78156    
         118   4.020741       16.16636    
         119   3.859780       14.89790    
         120   5.390329       29.05565    
         121   5.634710       31.74996    
         122   4.179683       17.46975    
         123   4.759855       22.65622    
         124   4.675608       21.86131    
         125   1.620234       2.625158    
         126   3.663015       13.41768    
         127   5.592039       31.27090    
         128   2.424282       5.877141    
         129   4.136987       17.11466    
         130   4.252139       18.08068    
         131   4.349775       18.92055    
         132   3.835924       14.71431    
         133   2.611897       6.822007    
         134   5.319828       28.30057    
         135   4.505826       20.30247    
         136   5.420334       29.38003    
         137   3.144410       9.887317    
         138   6.850998       46.93618    
         139   5.774295       33.34249    
         140   4.373882       19.13084    
         141   3.593580       12.91382    
         142   2.575112       6.631202    
         143   4.003290       16.02633    
         144   4.883348       23.84709    
         145   3.145597       9.894778    
         146   5.208670       27.13024    
         147   3.555838       12.64398    
         148   3.913135       15.31262    
         149   6.387422       40.79916    
         150   2.934467       8.611097    
         151   4.669642       21.80556    
         152   4.507713       20.31948    
         153   3.425940       11.73706    
         154   3.861239       14.90917    
         155   3.116095       9.710050    
         156   6.106594       37.29049    
         157   2.573563       6.623224    
         158   3.595455       12.92730    
         159   2.856710       8.160794    
         160   5.667296       32.11825    
         161   5.551507       30.81923    
         162   6.008599       36.10326    
         163   5.842612       34.13611    
         164   4.175221       17.43247    
         165   4.427692       19.60446    
         166   5.055223       25.55529    
         167   4.284173       18.35414    
         168   4.224803       17.84897    
         169   4.761244       22.66945    
         170   4.172513       17.40987    
         171   5.327435       28.38156    
         172   4.098639       16.79884    
         173   4.693198       22.02611    
         174   5.170832       26.73750    
         175   3.676916       13.51972    
         176   5.270753       27.78084    
         177   5.785342       33.47018    
         178   5.051742       25.52010    
         179   3.602466       12.97776    
         180   4.679614       21.89879    
         181   3.101470       9.619115    
         182   3.806596       14.49017    
         183   2.829820       8.007880    
         184   3.433276       11.78738    
         185   4.568000       20.86662    
         186   5.283773       27.91826    
         187   3.864046       14.93085    
         188   2.934327       8.610278    
         189   5.458844       29.79897    
         190   4.670625       21.81474    
         191   3.133782       9.820588    
         192   3.525687       12.43046    
         193   3.558500       12.66292    
         194   6.380099       40.70566    
         195   6.550829       42.91336    
         196   2.646715       7.005103    
         197   4.658535       21.70194    
         198   5.047353       25.47577    
         199   4.449749       19.80027    
         200   3.793554       14.39105    
         201   5.586124       31.20479    
         202   5.176473       26.79587    
         203   4.284913       18.36048    
         204   2.589175       6.703827    
         205   4.008017       16.06420    
         206   1.934424       3.741995    
         207   3.164749       10.01564    
         208   2.638757       6.963036    
         209   5.146212       26.48350    
         210   3.983490       15.86819    
         211   3.222905       10.38712    
         212   5.043013       25.43198    
         213   5.769491       33.28703    
         214   4.661185       21.72665    
         215   4.905092       24.05993    
         216   2.411939       5.817448    
         217   2.902051       8.421899    
         218   5.258952       27.65657    
         219   4.402840       19.38500    
         220   3.121340       9.742760    
         221   6.344730       40.25560    
         222   3.696284       13.66252    
         223   4.459159       19.88410    
         224   6.424033       41.26821    
         225   3.309665       10.95388    
         226   3.387455       11.47485    
         227   3.541558       12.54263    
         228   4.252208       18.08127    
         229   4.928442       24.28954    
         230   4.033085       16.26578    
         231   3.917567       15.34733    
         232   5.078860       25.79482    
         233   5.118227       26.19625    
         234   4.683103       21.93145    
         235   3.615769       13.07379    
         236   5.473127       29.95512    
         237   3.692327       13.63328    
         238   2.553358       6.519637    
         239   5.322590       28.32996    
         240   3.826933       14.64542    
         241   3.054922       9.332546    
         242   5.693787       32.41921    
         243   4.808589       23.12253    
         244   5.139936       26.41894    
         245   5.016295       25.16322    
         246   4.748260       22.54597    
         247   4.600712       21.16655    
         248   3.780369       14.29119    
         249   3.744771       14.02331    
         250   4.634673       21.48019    
         251   4.813920       23.17382    
         252   6.297505       39.65857    
         253   3.999043       15.99234    
         254   5.459850       29.80997    
         255   2.492537       6.212739    
         256   4.991075       24.91082    
         257   5.779596       33.40373    
         258   5.376128       28.90275    
         259   6.039397       36.47431    
         260   4.941324       24.41669    
         261   4.173442       17.41762    
         262   4.719717       22.27572    
         263   2.244865       5.039421    
         264   5.152240       26.54558    
         265   5.175784       26.78873    
         266   2.980153       8.881314    
         267   5.309732       28.19325    
         268   4.062171       16.50123    
         269   5.572938       31.05764    
         270   4.473145       20.00902    
         271   3.173399       10.07046    
         272   4.197602       17.61986    
         273   3.206188       10.27964    
         274   5.180367       26.83621    
         275   4.746542       22.52966    
         276   3.147610       9.907451    
         277   4.232818       17.91675    
         278   5.257154       27.63767    
         279   4.215502       17.77046    
         280   6.385764       40.77798    
         281   4.516594       20.39963    
         282   4.722858       22.30539    
         283   5.956000       35.47393    
         284   5.548560       30.78652    
         285   5.037982       25.38127    
         286   6.048613       36.58572    
         287   4.834160       23.36910    
         288   4.331851       18.76494    
         289   4.893431       23.94567    
         290   6.422445       41.24781    
         291   3.869761       14.97505    
         292   4.885964       23.87265    
         293   4.154756       17.26199    
         294   4.663995       21.75285    
         295   5.346499       28.58506    
         296   5.451215       29.71575    
         297   3.751572       14.07429    
         298   3.288286       10.81283    
         299   5.082487       25.83168    
         300   4.178544       17.46023    
         301   5.695927       32.44358    
         302   2.436812       5.938054    
         303   3.691842       13.62970    
         304   2.001287       4.005149    
         305   5.306986       28.16410    
         306   4.391542       19.28564    
         307   3.022525       9.135657    
         308   2.876725       8.275546    
         309   4.030226       16.24272    
         310   4.909886       24.10699    
         311   3.090140       9.548963    
         312   4.178644       17.46107    
         313   3.258312       10.61660    
         314   4.843516       23.45965    
         315   5.803460       33.68015    
         316   5.441129       29.60588    
         317   4.603608       21.19321    
         318   5.375545       28.89648    
         319   4.039706       16.31923    
         320   3.689078       13.60929    
         321   4.533074       20.54877    
         322   2.988953       8.933839    
         323   3.564795       12.70776    
         324   6.254780       39.12228    
         325   3.529627       12.45827    
         326   3.903284       15.23563    
         327   6.474254       41.91597    
         328   5.478049       30.00902    
         329   4.906277       24.07155    
         330   5.486341       30.09993    
         331   5.128811       26.30470    
         332   6.856814       47.01590    
         333   3.488405       12.16897    
         334   5.322444       28.32841    
         335   3.363258       11.31151    
         336   5.833787       34.03307    
         337   4.630602       21.44248    
         338   4.587465       21.04484    
         339   3.623918       13.13278    
         340   3.393259       11.51421    
         341   4.112251       16.91061    
         342   5.117215       26.18589    
         343   2.531985       6.410947    
         344   3.582361       12.83331    
         345   6.017196       36.20665    
         346   5.267542       27.74700    
         347   3.885122       15.09418    
         348   5.443787       29.63481    
         349   4.516124       20.39537    
         350   4.660963       21.72457    
         351   5.477023       29.99778    
         352   5.206406       27.10666    
         353   5.146278       26.48418    
         354   3.491507       12.19062    
         355   5.007481       25.07487    
         356   3.520346       12.39284    
         357   2.647419       7.008827    
         358   4.149860       17.22133    
         359   3.178350       10.10191    
         360   3.730595       13.91734    
         361   3.921718       15.37987    
         362   4.002015       16.01612    
         363   4.936217       24.36624    
         364   5.097664       25.98618    
         365   3.796386       14.41254    
         366   4.022341       16.17923    
         367   4.797838       23.01925    
         368   3.620302       13.10659    
         369   4.207004       17.69888    
         370   8.164721       66.66266    
         371   4.325310       18.70831    
         372   3.474553       12.07252    
         373   4.076299       16.61622    
         374   3.919328       15.36113    
         375   4.116787       16.94794    
         376   4.728527       22.35897    
         377   5.585857       31.20180    
         378   4.293913       18.43769    
         379   5.582339       31.16251    
         380   3.869092       14.96987    
         381   4.388795       19.26153    
         382   4.854792       23.56900    
         383   4.806389       23.10138    
         384   5.654802       31.97679    
         385   4.986954       24.86971    
         386   3.209426       10.30042    
         387   4.230192       17.89452    
         388   5.365078       28.78407    
         389   4.063591       16.51278    
         390   2.897509       8.395557    
         391   3.379005       11.41768    
         392   5.500670       30.25738    
         393   5.150456       26.52720    
         394   5.179344       26.82560    
         395   3.654826       13.35775    
         396   4.481196       20.08112    
         397   3.142615       9.876028    
         398   5.276239       27.83870    
         399   2.575138       6.631338    
         400   4.884893       23.86218    
         401   5.509316       30.35257    
         402   4.088268       16.71394    
         403   4.436171       19.67961    
         404   3.770482       14.21654    
         405   3.305218       10.92446    
         406   5.519789       30.46807    
         407   5.460563       29.81774    
         408   5.020725       25.20768    
         409   5.693235       32.41293    
         410   2.417194       5.842827    
         411   5.598139       31.33916    
         412   5.291053       27.99525    
         413   3.803401       14.46586    
         414   2.579950       6.656140    
         415   4.030983       16.24883    
         416   3.238064       10.48506    
         417   5.577045       31.10343    
         418   3.945761       15.56903    
         419   5.019591       25.19630    
         420   5.144386       26.46471    
         421   4.859807       23.61773    
         422   3.952974       15.62601    
         423   5.908421       34.90944    
         424   2.866714       8.218050    
         425   2.433969       5.924205    
         426   5.908130       34.90600    
         427   3.057287       9.347003    
         428   4.873528       23.75128    
         429   5.624248       31.63216    
         430   4.161757       17.32022    
         431   4.335444       18.79607    
         432   3.453020       11.92334    
         433   5.015908       25.15933    
         434   4.028710       16.23050    
         435   3.579855       12.81536    
         436   4.025696       16.20623    
         437   5.173716       26.76734    
         438   3.373739       11.38211    
         439   3.036080       9.217784    
         440   3.969609       15.75780    
         441   5.627095       31.66420    
         442   4.621520       21.35844    
         443   4.237047       17.95257    
         444   4.356248       18.97689    
         445   2.816584       7.933146    
         446   2.569274       6.601167    
         447   5.070602       25.71100    
         448   4.956157       24.56350    
         449   4.432960       19.65113    
         450   4.102909       16.83387    
         451   4.196136       17.60755    
         452   4.215908       17.77388    
         453   2.531890       6.410469    
         454   3.081492       9.495594    
         455   3.912023       15.30392    
         456   2.995534       8.973226    
         457   4.786508       22.91066    
         458   5.367027       28.80498    
         459   3.778571       14.27760    
         460   2.224465       4.948246    
         461   5.846732       34.18427    
         462   3.878992       15.04658    
         463   4.671013       21.81837    
         464   5.381577       28.96138    
         465   5.059605       25.59960    
         466   6.252424       39.09280    
         467   3.692218       13.63247    
         468   2.927077       8.567780    
         469   4.127460       17.03593    
         470   4.447186       19.77746    
         471   4.281401       18.33039    
         472   3.104380       9.637173    
         473   4.022797       16.18290    
         474   4.822425       23.25578    
         475   2.132407       4.547161    
         476   3.899327       15.20475    
         477   5.427568       29.45850    
         478   5.620491       31.58992    
         479   5.262520       27.69412    
         480   5.576437       31.09665    
         481   3.350033       11.22272    
         482   3.959148       15.67485    
         483   3.878709       15.04438    
         484   3.691950       13.63049    
         485   3.877180       15.03252    
         486   3.825802       14.63676    
         487   4.382248       19.20410    
         488   4.532381       20.54248    
         489   5.339204       28.50710    
         490   5.648243       31.90266    
         491   3.539619       12.52891    
         492   4.006081       16.04868    
         493   4.377331       19.16103    
         494   6.549961       42.90198    
         495   4.154271       17.25797    
         496   4.193052       17.58169    
         497   2.962999       8.779364    
         498   2.979657       8.878354    
         499   5.494523       30.18978    
         500   5.563979       30.95786    
         501   4.866763       23.68538    
         502   5.993301       35.91965    
         503   4.239036       17.96943    
         504   4.141927       17.15556    
         505   4.016853       16.13511    
         506   4.297708       18.47029    
         507   4.343280       18.86408    
         508   4.073250       16.59137    
         509   6.044462       36.53552    
         510   3.849126       14.81577    
         511   4.789681       22.94105    
         512   3.998613       15.98890    
         513   2.621450       6.872000    
         514   4.736536       22.43477    
         515   3.373132       11.37802    
         516   2.240819       5.021268    
         517   4.325926       18.71364    
         518   3.400239       11.56162    
         519   5.898240       34.78923    
         520   2.565300       6.580766    
         521   2.386200       5.693952    
         522   6.174379       38.12296    
         523   4.320192       18.66406    
         524   5.630885       31.70686    
         525   3.033986       9.205071    
         526   4.900121       24.01119    
         527   3.604434       12.99194    
         528   3.635629       13.21780    
         529   3.659656       13.39308    
         530   3.847486       14.80315    
         531   6.039873       36.48007    
         532   4.028732       16.23068    
         533   3.706787       13.74027    
         534   5.139913       26.41871    
         535   4.629059       21.42818    
         536   4.251403       18.07443    
         537   4.405346       19.40707    
         538   3.291172       10.83181    
         539   3.325408       11.05834    
         540   6.505486       42.32135    
         541   4.468031       19.96330    
         542   5.571148       31.03769    
         543   3.887457       15.11232    
         544   5.889895       34.69087    
         545   3.256832       10.60695    
         546   6.033859       36.40746    
         547   5.719030       32.70730    
         548   3.936695       15.49757    
         549   2.692614       7.250172    
         550   4.779409       22.84275    
         551   3.716366       13.81138    
         552   5.919322       35.03836    
         553   3.781774       14.30181    
         554   3.216598       10.34650    
         555   5.013207       25.13225    
         556   5.930700       35.17321    
         557   3.372102       11.37107    
         558   4.631400       21.44987    
         559   4.093369       16.75568    
         560   4.773557       22.78685    
         561   4.342740       18.85939    
         562   5.204908       27.09107    
         563   3.307347       10.93855    
         564   4.985423       24.85445    
         565   5.035799       25.35928    
         566   3.867814       14.95998    
         567   5.430859       29.49423    
         568   5.347359       28.59425    
         569   4.298187       18.47441    
         570   4.734713       22.41751    
         571   5.521655       30.48867    
         572   4.521184       20.44110    
         573   5.843068       34.14145    
         574   2.243973       5.035417    
         575   2.424204       5.876766    
         576   4.024645       16.19777    
         577   4.815826       23.19218    
         578   4.416256       19.50332    
         579   4.255426       18.10865    
         580   5.617347       31.55459    
         581   6.488662       42.10274    
         582   2.827607       7.995362    
         583   4.303423       18.51945    
         584   3.495884       12.22121    
         585   3.186259       10.15225    
         586   3.954270       15.63625    
         587   4.561514       20.80741    
         588   6.315079       39.88021    
         589   4.379442       19.17952    
         590   3.703567       13.71641    
         591   6.613267       43.73531    
         592   2.127749       4.527315    
         593   4.139327       17.13403    
         594   6.097157       37.17533    
         595   4.199734       17.63776    
         596   5.112113       26.13371    
         597   3.385859       11.46404    
         598   2.506519       6.282640    
         599   3.842160       14.76219    
         600   5.223835       27.28846    
         601   4.601777       21.17635    
         602   4.677196       21.87616    
         603   5.783280       33.44633    
         604   6.228839       38.79843    
         605   5.452210       29.72659    
         606   4.719330       22.27208    
         607   4.482982       20.09713    
         608   5.819712       33.86905    
         609   4.969534       24.69627    
         610   2.384651       5.686559    
         611   2.912770       8.484228    
         612   5.674841       32.20383    
         613   4.292150       18.42255    
         614   4.556846       20.76485    
         615   3.083651       9.508902    
         616   5.734196       32.88100    
         617   2.368666       5.610580    
         618   4.327753       18.72944    
         619   5.664450       32.08599    
         620   4.180740       17.47859    
         621   5.589490       31.24239    
         622   6.101279       37.22561    
         623   4.481817       20.08668    
         624   2.729224       7.448663    
         625   4.335243       18.79433    
         626   3.978125       15.82548    
         627   2.688651       7.228842    
         628   3.653209       13.34594    
         629   3.421423       11.70614    
         630   3.801871       14.45422    
         631   5.781610       33.42701    
         632   3.639852       13.24852    
         633   3.915223       15.32897    
         634   4.210916       17.73181    
         635   5.838875       34.09246    
         636   5.877141       34.54078    
         637   3.437189       11.81427    
         638   3.291343       10.83294    
         639   2.431980       5.914526    
         640   6.659234       44.34540    
         641   4.661293       21.72765    
         642   3.931440       15.45622    
         643   4.521022       20.43964    
         644   6.375208       40.64328    
         645   2.804466       7.865030    
         646   5.428429       29.46784    
         647   2.887719       8.338923    
         648   4.459720       19.88910    
         649   3.789112       14.35737    
         650   6.176387       38.14776    
         651   4.114376       16.92809    
         652   4.804573       23.08392    
         653   4.235232       17.93719    
         654   3.599623       12.95729    
         655   3.845485       14.78776    
         656   5.064627       25.65044    
         657   4.734417       22.41471    
         658   4.290582       18.40910    
         659   3.928255       15.43119    
         660   5.691229       32.39009    
         661   4.931781       24.32247    
         662   2.294161       5.263175    
         663   4.812985       23.16483    
         664   2.730902       7.457828    
         665   3.612507       13.05021    
         666   5.074335       25.74887    
         667   4.099546       16.80628    
         668   3.804914       14.47737    
         669   4.900415       24.01407    
         670   4.213703       17.75529    
         671   7.763567       60.27298    
         672   3.479550       12.10727    
         673   5.043638       25.43828    
         674   4.483678       20.10336    
         675   4.880835       23.82255    
         676   4.892798       23.93947    
         677   3.517513       12.37290    
         678   3.758501       14.12633    
         679   4.881812       23.83209    
         680   5.492856       30.17147    
         681   2.943232       8.662617    
         682   1.874439       3.513520    
         683   3.769805       14.21143    
         684   3.794855       14.40092    
         685   4.022085       16.17716    
         686   5.553986       30.84676    
         687   4.692259       22.01730    
         688   3.808496       14.50464    
         689   5.806762       33.71849    
         690   4.154731       17.26180    
         691   5.540189       30.69369    
         692   4.249876       18.06145    
         693   5.098823       25.99800    
         694   4.717710       22.25678    
         695   4.017916       16.14365    
         696   5.628881       31.68431    
         697   4.178004       17.45572    
         698   3.712183       13.78030    
         699   4.401680       19.37478    
         700   3.898202       15.19598    
         701   2.319765       5.381310    
         702   4.610320       21.25505    
         703   6.541966       42.79732    
         704   4.615481       21.30266    
         705   6.275482       39.38167    
         706   5.924616       35.10108    
         707   5.029555       25.29643    
         708   3.872943       14.99969    
         709   3.231250       10.44098    
         710   3.885245       15.09513    
         711   4.148436       17.20952    
         712   6.382483       40.73609    
         713   5.181500       26.84794    
         714   2.164580       4.685405    
         715   5.950850       35.41262    
         716   5.063818       25.64224    
         717   3.169603       10.04639    
         718   5.297398       28.06243    
         719   5.011106       25.11119    
         720   4.079333       16.64096    
         721   5.280931       27.88823    
         722   4.497900       20.23110    
         723   4.870308       23.71991    
         724   3.675091       13.50630    
         725   4.955554       24.55752    
         726   5.602824       31.39164    
         727   3.507651       12.30361    
         728   5.017735       25.17767    
         729   4.923380       24.23967    
         730   5.126353       26.27950    
         731   3.133473       9.818653    
         732   4.321366       18.67421    
         733   4.073604       16.59425    
         734   4.125091       17.01637    
         735   4.101270       16.82042    
         736   4.520564       20.43550    
         737   5.546314       30.76159    
         738   5.074548       25.75104    
         739   5.235621       27.41173    
         740   5.137734       26.39631    
         741   5.213994       27.18573    
         742   2.892318       8.365506    
         743   4.189114       17.54868    
         744   4.557594       20.77166    
         745   3.720309       13.84070    
         746   3.887411       15.11197    
         747   3.311187       10.96396    
         748   6.028966       36.34844    
         749   7.608896       57.89530    
         750   5.428645       29.47018    
         751   2.490424       6.202211    
         752   4.001992       16.01594    
         753   2.669983       7.128811    
         754   5.522770       30.50099    
         755   2.017664       4.070968    
         756   5.303339       28.12541    
         757   3.893011       15.15554    
         758   6.502744       42.28568    
         759   3.522479       12.40786    
         760   4.186659       17.52811    
         761   2.963732       8.783707    
         762   4.486828       20.13163    
         763   3.602319       12.97670    
         764   6.625326       43.89494    
         765   6.000983       36.01180    
         766   3.990214       15.92181    
         767   6.808181       46.35134    
         768   5.207575       27.11884    
         769   4.157063       17.28118    
         770   5.931635       35.18430    
         771   1.819789       3.311630    
         772   2.575840       6.634950    
         773   3.684581       13.57614    
         774   4.000976       16.00781    
         775   5.124325       26.25871    
         776   4.584530       21.01791    
         777   1.519274       2.308193    
         778   5.054214       25.54507    
         779   4.786274       22.90842    
         780   4.846865       23.49210    
         781   3.701530       13.70132    
         782   4.904024       24.04945    
         783   4.551399       20.71523    
         784   7.287643       53.10974    
         785   3.749377       14.05783    
         786   3.900635       15.21495    
         787   4.822887       23.26024    
         788   3.952432       15.62171    
         789   4.603201       21.18946    
         790   3.963746       15.71129    
         791   4.615546       21.30327    
         792   3.957043       15.65819    
         793   3.123361       9.755383    
         794   3.597636       12.94298    
         795   6.011737       36.14099    
         796   4.830079       23.32966    
         797   4.008707       16.06973    
         798   4.556831       20.76471    
         799   4.582782       21.00189    
         800   3.733582       13.93964    
         801   4.522603       20.45394    
         802   2.307545       5.324765    
         803   3.942848       15.54605    
         804   4.223323       17.83645    
         805   3.940977       15.53130    
         806   3.752665       14.08249    
         807   3.296519       10.86703    
         808   5.186177       26.89643    
         809   3.594755       12.92226    
         810   5.321906       28.32268    
         811   5.216033       27.20700    
         812   6.053630       36.64644    
         813   4.359860       19.00838    
         814   3.130900       9.802533    
         815   4.032836       16.26377    
         816   3.959216       15.67539    
         817   5.235719       27.41275    
         818   5.742517       32.97651    
         819   3.818723       14.58265    
         820   4.252136       18.08066    
         821   3.814380       14.54950    
         822   3.526497       12.43618    
         823   3.032942       9.198741    
         824   4.934622       24.35049    
         825   4.588812       21.05720    
         826   4.155269       17.26626    
         827   3.169762       10.04739    
         828   4.137961       17.12272    
         829   2.885476       8.325970    
         830   6.315601       39.88683    
         831   3.370143       11.35787    
         832   3.891265       15.14195    
         833   4.745510       22.51986    
         834   3.802449       14.45862    
         835   3.615030       13.06844    
         836   4.413302       19.47724    
         837   4.355583       18.97110    
         838   3.990551       15.92450    
         839   4.318003       18.64515    
         840   4.847898       23.50212    
         841   6.811080       46.39080    
         842   6.370819       40.58733    
         843   5.420480       29.38160    
         844   4.091965       16.74417    
         845   5.174317       26.77356    
         846   3.909224       15.28203    
         847   4.948370       24.48637    
         848   4.474843       20.02422    
         849   3.186255       10.15222    
         850   4.887065       23.88341    
         851   4.219902       17.80758    
         852   3.626596       13.15220    
         853   4.389288       19.26585    
         854   4.331322       18.76035    
         855   4.576217       20.94176    
         856   4.897692       23.98738    
         857   3.698685       13.68027    
         858   3.321486       11.03227    
         859   4.109216       16.88566    
         860   5.297665       28.06526    
         861   6.031480       36.37876    
         862   6.668710       44.47169    
         863   2.633036       6.932878    
         864   3.839611       14.74261    
         865   4.777826       22.82762    
         866   3.845258       14.78601    
         867   3.238962       10.49087    
         868   3.656842       13.37249    
         869   3.942141       15.54047    
         870   4.035694       16.28682    
         871   3.866480       14.94967    
         872   6.006386       36.07668    
         873   3.986026       15.88840    
         874   2.826118       7.986940    
         875   3.307303       10.93825    
         876   2.804111       7.863039    
         877   4.531138       20.53121    
         878   4.711125       22.19470    
         879   4.759390       22.65179    
         880   2.007885       4.031603    
         881   4.380116       19.18542    
         882   3.349076       11.21631    
         883   2.788605       7.776319    
         884   4.909557       24.10376    
         885   3.984381       15.87529    
         886   4.006156       16.04929    
         887   3.609920       13.03152    
         888   4.721006       22.28790    
         889   5.920230       35.04912    
         890   2.280660       5.201409    
         891   5.050977       25.51237    
         892   5.124415       26.25963    
         893   4.561873       20.81068    
         894   6.076462       36.92339    
         895   4.690983       22.00532    
         896   5.393733       29.09235    
         897   6.177092       38.15647    
         898   3.521185       12.39874    
         899   4.416134       19.50224    
         900   4.744141       22.50687    
         901   3.674356       13.50089    
         902   4.119181       16.96765    
         903   6.293382       39.60666    
         904   4.499090       20.24181    
         905   4.223180       17.83525    
         906   3.346764       11.20083    
         907   3.417627       11.68017    
         908   5.293669       28.02293    
         909   3.798400       14.42784    
         910   5.323988       28.34485    
         911   4.091940       16.74397    
         912   1.744546       3.043442    
         913   3.733857       13.94169    
         914   4.172461       17.40943    
         915   5.651456       31.93895    
         916   3.802931       14.46229    
         917   4.252500       18.08375    
         918   3.696054       13.66081    
         919   4.400358       19.36315    
         920   6.954005       48.35817    
         921   3.815126       14.55518    
         922   4.568336       20.86970    
         923   3.649134       13.31618    
         924   3.571297       12.75416    
         925   3.665510       13.43596    
         926   4.716458       22.24498    
         927   4.920175       24.20812    
         928   5.723011       32.75285    
         929   5.498571       30.23429    
         930   2.633200       6.933741    
         931   3.948917       15.59394    
         932   3.211044       10.31081    
         933   3.983448       15.86785    
         934   4.842430       23.44913    
         935   6.022948       36.27590    
         936   3.229547       10.42997    
         937   4.351837       18.93848    
         938   3.891159       15.14112    
         939   3.536708       12.50831    
         940   5.597239       31.32909    
         941   6.787692       46.07277    
         942   4.832493       23.35299    
         943   4.627567       21.41438    
         944   3.339503       11.15228    
         945   4.148443       17.20958    
         946   6.141082       37.71289    
         947   2.912663       8.483608    
         948   3.095006       9.579064    
         949   6.585039       43.36274    
         950   2.471088       6.106278    
         951   4.121881       16.98990    
         952   5.796132       33.59515    
         953   2.506449       6.282288    
         954   4.065213       16.52596    
         955   3.806613       14.49030    
         956   2.691568       7.244538    
         957   1.837744       3.377305    
         958   5.485099       30.08631    
         959   5.039161       25.39314    
         960   3.955851       15.64876    
         961   4.483966       20.10595    
         962   5.129595       26.31275    
         963   3.046627       9.281939    
         964   3.279801       10.75710    
         965   4.982329       24.82360    
         966   3.640960       13.25659    
         967   4.620828       21.35205    
         968   4.665738       21.76911    
         969   5.049412       25.49657    
         970   3.798707       14.43017    
         971   4.748330       22.54664    
         972   5.091761       25.92603    
         973   4.690741       22.00305    
         974   3.705625       13.73166    
         975   6.056405       36.68005    
         976   5.844779       34.16144    
         977   3.849272       14.81690    
         978   4.688770       21.98456    
         979   4.798988       23.03029    
         980   5.015543       25.15567    
         981   3.878088       15.03957    
         982   6.168737       38.05331    
         983   5.191459       26.95125    
         984   5.677320       32.23197    
         985   4.351791       18.93809    
         986   6.141396       37.71675    
         987   3.584150       12.84613    
         988   5.617177       31.55268    
         989   2.529540       6.398572    
         990   4.975893       24.75951    
         991   2.651716       7.031598    
         992   3.684961       13.57894    
         993   3.498305       12.23814    
         994   5.972538       35.67121    
         995   3.101156       9.617171    
         996   6.177255       38.15848    
         997   5.064107       25.64518    
         998   1.634985       2.673176    
         999   1.872901       3.507760    
        1000   5.037376       25.37516    
        1001   4.185317       17.51688    
        1002   3.623365       13.12877    
        1003   2.463341       6.068049    
        1004   5.040331       25.40494    
        1005   3.365877       11.32913    
        1006   4.128719       17.04633    
        1007   5.285899       27.94073    
        1008   6.041346       36.49786    
        1009   3.237423       10.48091    
        1010   6.506929       42.34013    
        1011   4.922077       24.22684    
        1012   5.099854       26.00850    
        1013   5.261073       27.67889    
        1014   5.044860       25.45061    
        1015   4.158456       17.29276    
        1016   4.656549       21.68344    
        1017   3.086078       9.523878    
        1018   5.384558       28.99347    
        1019   4.695129       22.04424    
        1020   4.268615       18.22108    
        1021   4.579799       20.97456    
        1022   3.398137       11.54734    
        1023   5.456139       29.76946    
        1024   3.855423       14.86429    
        1025   4.461953       19.90903    
        1026   5.705011       32.54715    
        1027   5.117152       26.18524    
        1028   4.241178       17.98759    
        1029   3.521032       12.39767    
        1030   3.990449       15.92369    
        1031   4.555051       20.74849    
        1032   5.286368       27.94568    
        1033   4.860991       23.62924    
        1034   4.532341       20.54211    
        1035   4.479671       20.06745    
        1036   4.774061       22.79166    
        1037   5.949607       35.39783    
        1038   3.024369       9.146810    
        1039   3.546654       12.57876    
        1040   3.069728       9.423232    
        1041   5.069420       25.69902    
        1042   4.171920       17.40492    
        1043   4.870882       23.72548    
        1044   5.929400       35.15779    
        1045   4.977058       24.77110    
        1046   1.641339       2.693995    
        1047   3.731253       13.92225    
        1048   3.435839       11.80499    
        1049   6.125372       37.52018    
        1050   5.629334       31.68940    
        1051   5.801570       33.65822    
        1052   5.217604       27.22339    
        1053   3.352146       11.23688    
        1054   4.355321       18.96882    
        1055   6.064787       36.78164    
        1056   3.629141       13.17066    
        1057   5.536947       30.65779    
        1058   3.335364       11.12465    
        1059   4.157432       17.28424    
        1060   3.731889       13.92699    
        1061   3.672857       13.48988    
        1062   6.130996       37.58912    
        1063   3.970766       15.76698    
        1064   6.800460       46.24627    
        1065   1.221725       1.492611    
        1066   6.009905       36.11895    
        1067   5.402534       29.18738    
        1068   3.713895       13.79302    
        1069   3.787682       14.34654    
        1070   4.570887       20.89301    
        1071   6.898187       47.58499    
        1072   5.852503       34.25179    
        1073   6.115210       37.39579    
        1074   3.495984       12.22190    
        1075   5.206410       27.10671    
        1076   3.741258       13.99701    
        1077   5.023884       25.23941    
        1078   3.617157       13.08383    
        1079   2.491371       6.206928    
        1080   4.125571       17.02034    
        1081   2.413121       5.823150    
        1082   3.235121       10.46601    
        1083   5.061783       25.62165    
        1084   4.388052       19.25500    
        1085   4.244695       18.01744    
        1086   3.975197       15.80219    
        1087   5.605154       31.41775    
        1088   5.700451       32.49515    
        1089   1.795680       3.224467    
        1090   4.447711       19.78213    
        1091   4.498734       20.23861    
        1092   4.014712       16.11792    
        1093   6.014764       36.17739    
        1094   5.391188       29.06491    
        1095   5.949237       35.39342    
        1096   5.334140       28.45305    
        1097   6.169015       38.05675    
        1098   5.561556       30.93090    
        1099   4.042148       16.33896    
        1100   5.141303       26.43300    
        1101   4.957251       24.57434    
        1102   4.922470       24.23071    
        1103   5.527705       30.55552    
        1104   6.269285       39.30394    
        1105   3.747643       14.04483    
        1106   3.590241       12.88983    
        1107   3.497374       12.23162    
        1108   3.751078       14.07059    
        1109   5.271790       27.79177    
        1110   3.673748       13.49642    
        1111   5.114552       26.15864    
        1112   3.061883       9.375129    
        1113   3.619467       13.10054    
        1114   4.381112       19.19415    
        1115   2.650576       7.025555    
        1116   6.268403       39.29288    
        1117   4.385312       19.23096    
        1118   6.127413       37.54519    
        1119   4.669364       21.80297    
        1120   4.770538       22.75804    
        1121   4.331663       18.76330    
        1122   3.183106       10.13216    
        1123   6.923044       47.92854    
        1124   2.969816       8.819806    
        1125   5.819016       33.86095    
        1126   5.328751       28.39558    
        1127   3.553977       12.63075    
        1128   5.790300       33.52758    
        1129   6.590748       43.43797    
        1130   2.859425       8.176309    
        1131   4.506496       20.30851    
        1132   5.267418       27.74570    
        1133   3.928232       15.43101    
        1134   3.498430       12.23901    
        1135   4.179630       17.46931    
        1136   4.220895       17.81595    
        1137   3.237263       10.47988    
        1138   4.373381       19.12646    
        1139   3.711482       13.77510    
        1140   4.564404       20.83378    
        1141   2.667831       7.117322    
        1142   5.702647       32.52018    
        1143   3.953531       15.63041    
        1144   4.829895       23.32788    
        1145   3.766769       14.18855    
        1146   5.920600       35.05351    
        1147   5.310210       28.19833    
        1148   3.400846       11.56576    
        1149   5.155141       26.57548    
        1150   3.845336       14.78661    
        1151   5.234046       27.39523    
        1152   4.525604       20.48109    
        1153   4.065147       16.52542    
        1154   3.057647       9.349209    
        1155   4.040731       16.32751    
        1156   2.460468       6.053903    
        1157   4.024743       16.19856    
        1158   3.733195       13.93675    
        1159   3.756577       14.11187    
        1160   5.482423       30.05696    
        1161   4.610293       21.25480    
        1162   3.885264       15.09527    
        1163   5.184416       26.87817    
        1164   6.448192       41.57918    
        1165   4.537100       20.58527    
        1166   5.994568       35.93484    
        1167   3.640059       13.25003    
        1168   3.143539       9.881836    
        1169   5.002689       25.02690    
        1170   5.088847       25.89636    
        1171   4.987082       24.87098    
        1172   5.052022       25.52292    
        1173   5.698218       32.46968    
        1174   4.265399       18.19363    
        1175   4.288469       18.39096    
        1176   4.174672       17.42789    
        1177   6.242217       38.96527    
        1178   4.754538       22.60563    
        1179   3.682161       13.55831    
        1180   4.589238       21.06110    
        1181   2.942630       8.659071    
        1182   3.902769       15.23160    
        1183   6.226161       38.76508    
        1184   4.086333       16.69812    
        1185   5.141780       26.43790    
        1186   4.149289       17.21660    
        1187   3.121114       9.741354    
        1188   3.664570       13.42907    
        1189   4.433507       19.65598    
        1190   5.633134       31.73220    
        1191   4.474308       20.01943    
        1192   3.319647       11.02005    
        1193   4.527089       20.49453    
        1194   3.132732       9.814013    
        1195   6.105393       37.27582    
        1196   4.692913       22.02343    
        1197   4.514671       20.38225    
        1198   3.445705       11.87288    
        1199   4.489266       20.15351    
        1200   5.575926       31.09095    
        1201   4.592591       21.09189    
        1202   2.637673       6.957319    
        1203   4.431940       19.64209    
        1204   3.106637       9.651192    
        1205   3.192229       10.19032    
        1206   2.173615       4.724602    
        1207   3.109072       9.666330    
        1208   3.692255       13.63275    
        1209   4.904622       24.05532    
        1210   4.134995       17.09818    
        1211   5.238755       27.44455    
        1212   6.838545       46.76571    
        1213   3.096838       9.590405    
        1214   3.253330       10.58416    
        1215   5.424503       29.42524    
        1216   4.239155       17.97044    
        1217   6.055461       36.66861    
        1218   3.965669       15.72653    
        1219   4.351661       18.93695    
        1220   5.114524       26.15836    
        1221   3.262072       10.64112    
        1222   4.718205       22.26146    
        1223   5.645668       31.87357    
        1224   5.038847       25.38998    
        1225   3.981979       15.85616    
        1226   3.672220       13.48520    
        1227   4.273328       18.26133    
        1228   3.889385       15.12731    
        1229   5.114552       26.15865    
        1230   4.807652       23.11352    
        1231   4.915795       24.16504    
        1232   3.490871       12.18618    
        1233   3.297145       10.87117    
        1234   3.976111       15.80946    
        1235   3.522847       12.41045    
        1236   5.582643       31.16590    
        1237   6.706072       44.97141    
        1238   2.552434       6.514919    
        1239   4.489345       20.15422    
        1240   5.065664       25.66095    
        1241   5.028120       25.28199    
        1242   4.585320       21.02516    
        1243   5.600653       31.36732    
        1244   3.705177       13.72834    
        1245   4.133079       17.08234    
        1246   3.385613       11.46238    
        1247   4.268264       18.21808    
        1248   5.393230       29.08693    
        1249   3.965698       15.72676    
        1250   4.429700       19.62224    
        1251   3.937682       15.50535    
        1252   4.749272       22.55559    
        1253   4.563818       20.82844    
        1254   4.028664       16.23013    
        1255   3.513463       12.34442    
        1256   4.535618       20.57183    
        1257   5.689116       32.36605    
        1258   5.105056       26.06160    
        1259   4.421780       19.55214    
        1260   5.370967       28.84729    
        1261   5.288510       27.96835    
        1262   4.266940       18.20678    
        1263   5.560362       30.91763    
        1264   4.862333       23.64228    
        1265   1.816789       3.300724    
        1266   3.022907       9.137969    
        1267   4.801625       23.05560    
        1268   5.249022       27.55224    
        1269   5.485134       30.08670    
        1270   6.183370       38.23406    
        1271   3.610703       13.03718    
        1272   2.784722       7.754678    
        1273   3.804085       14.47107    
        1274   4.194556       17.59430    
        1275   4.992206       24.92212    
        1276   4.015684       16.12572    
        1277   1.628822       2.653060    
        1278   4.890592       23.91789    
        1279   4.836818       23.39481    
        1280   4.785081       22.89700    
        1281   3.628994       13.16960    
        1282   3.823578       14.61975    
        1283   3.089148       9.542833    
        1284   4.223021       17.83391    
        1285   2.973707       8.842936    
        1286   4.547497       20.67973    
        1287   5.069026       25.69503    
        1288   4.856127       23.58197    
        1289   4.324980       18.70545    
        1290   4.384282       19.22192    
        1291   3.649642       13.31988    
        1292   2.868419       8.227829    
        1293   4.832773       23.35569    
        1294   4.091753       16.74244    
        1295   4.572048       20.90362    
        1296   4.977534       24.77585    
        1297   2.995632       8.973810    
        1298   5.214132       27.18717    
        1299   6.300984       39.70240    
        1300   4.203439       17.66890    
        1301   4.100281       16.81231    
        1302   3.911261       15.29796    
        1303   3.715266       13.80320    
        1304   3.739490       13.98378    
        1305   4.140572       17.14433    
        1306   3.728155       13.89914    
        1307   4.249465       18.05796    
        1308   4.638024       21.51127    
        1309   3.936667       15.49735    
        1310   5.111413       26.12654    
        1311   5.225298       27.30373    
        1312   2.986766       8.920772    
        1313   3.850471       14.82613    
        1314   6.258439       39.16806    
        1315   3.542659       12.55043    
        1316   4.390247       19.27427    
        1317   4.592094       21.08733    
        1318   5.991259       35.89518    
        1319   3.495338       12.21739    
        1320   2.061708       4.250642    
        1321   6.017451       36.20971    
        1322   5.907045       34.89319    
        1323   5.044235       25.44431    
        1324   3.874148       15.00902    
        1325   3.737920       13.97205    
        1326   4.150465       17.22635    
        1327   1.538228       2.366146    
        1328   5.308674       28.18202    
        1329   6.678250       44.59903    
        1330   2.831417       8.016922    
        1331   5.900924       34.82090    
        1332   4.130610       17.06194    
        1333   5.325871       28.36491    
        1334   4.926228       24.26772    
        1335   6.795852       46.18361    
        1336   4.133479       17.08565    
        1337   4.401635       19.37439    
        1338   2.537803       6.440443    
        1339   4.962145       24.62288    
        1340   5.029806       25.29895    
        1341   4.398635       19.34799    
        1342   4.516716       20.40072    
        1343   4.735298       22.42305    
        1344   3.471229       12.04943    
        1345   5.221226       27.26120    
        1346   3.719991       13.83833    
        1347   4.614734       21.29577    
        1348   4.243326       18.00581    
        1349   1.579525       2.494899    
        1350   5.425938       29.44080    
        1351   4.784766       22.89399    
        1352   5.814813       33.81205    
        1353   5.768361       33.27399    
        1354   4.437457       19.69102    
        1355   2.346489       5.506009    
        1356   4.156589       17.27723    
        1357   5.461277       29.82555    
        1358   6.762436       45.73055    
        1359   3.378616       11.41505    
        1360   4.202562       17.66153    
        1361   5.314170       28.24041    
        1362   5.603337       31.39739    
        1363   4.896116       23.97195    
        1364   5.753744       33.10556    
        1365   4.775493       22.80533    
        1366   4.994849       24.94851    
        1367   3.805681       14.48321    
        1368   4.750304       22.56539    
        1369   4.036545       16.29369    
        1370   6.453577       41.64866    
        1371   5.085363       25.86092    
        1372   6.006912       36.08299    
        1373   2.858770       8.172565    
        1374   3.504334       12.28036    
        1375   2.833505       8.028753    
        1376   4.585585       21.02759    
        1377   2.362596       5.581859    
        1378   4.263075       18.17381    
        1379   4.531165       20.53146    
        1380   3.904841       15.24779    
        1381   4.023778       16.19079    
        1382   3.502012       12.26409    
        1383   4.292418       18.42486    
        1384   3.862516       14.91903    
        1385   3.595978       12.93106    
        1386   4.511180       20.35075    
        1387   4.674388       21.84990    
        1388   5.349407       28.61615    
        1389   4.729449       22.36769    
        1390   5.690384       32.38047    
        1391   4.039758       16.31964    
        1392   4.357866       18.99100    
        1393   2.739510       7.504914    
        1394   5.640666       31.81712    
        1395   3.474126       12.06955    
        1396   4.598588       21.14701    
        1397   4.972696       24.72770    
        1398   2.110288       4.453314    
        1399   4.546287       20.66873    
        1400   5.838543       34.08859    
        1401   3.426343       11.73983    
        1402   6.868744       47.17964    
        1403   5.608321       31.45326    
        1404   3.568787       12.73624    
        1405   5.203684       27.07832    
        1406   2.171265       4.714392    
        1407   2.989976       8.939955    
        1408   4.780645       22.85457    
        1409   5.081096       25.81754    
        1410   5.636623       31.77152    
        1411   4.523972       20.46633    
        1412   4.678221       21.88575    
        1413   5.499170       30.24087    
        1414   5.026443       25.26514    
        1415   5.560751       30.92196    
        1416   4.477947       20.05201    
        1417   4.675716       21.86233    
        1418   4.668267       21.79272    
        1419   4.631413       21.44998    
        1420   4.797635       23.01730    
        1421   3.706835       13.74063    
        1422   6.107440       37.30083    
        1423   4.161056       17.31438    
        1424   4.593253       21.09797    
        1425   3.790254       14.36603    
        1426   5.342077       28.53779    
        1427   3.155333       9.956123    
        1428   5.679624       32.25813    
        1429   3.256682       10.60598    
        1430   4.401102       19.36970    
        1431   2.814795       7.923070    
        1432   4.190519       17.56045    
        1433   4.773924       22.79035    
        1434   5.586915       31.21361    
        1435   5.379073       28.93443    
        1436   5.120083       26.21525    
        1437   5.008091       25.08098    
        1438   2.754400       7.586721    
        1439   5.597240       31.32910    
        1440   6.116363       37.40990    
        1441   4.521433       20.44336    
        1442   5.274067       27.81579    
        1443   3.017423       9.104841    
        1444   6.062828       36.75788    
        1445   3.047516       9.287352    
        1446   5.515811       30.42417    
        1447   6.584658       43.35772    
        1448   4.395899       19.32393    
        1449   4.998455       24.98455    
        1450   6.150815       37.83253    
        1451   4.051074       16.41120    
        1452   3.700127       13.69094    
        1453   2.516098       6.330751    
        1454   4.434495       19.66475    
        1455   5.068514       25.68983    
        1456   4.756083       22.62033    
        1457   4.170886       17.39629    
        1458   3.841451       14.75675    
        1459   4.966090       24.66205    
        1460   2.054098       4.219318    
        1461   5.951241       35.41727    
        1462   2.410157       5.808858    
        1463   5.507384       30.33129    
        1464   4.984899       24.84922    
        1465   2.591622       6.716505    
        1466   4.026247       16.21066    
        1467   2.348090       5.513526    
        1468   5.371506       28.85307    
        1469   3.683269       13.56647    
        1470   4.769639       22.74946    
        1471   6.050890       36.61327    
        1472   3.971368       15.77176    
        1473   4.439054       19.70520    
        1474   2.562145       6.564588    
        1475   3.017514       9.105392    
        1476   3.143173       9.879539    
        1477   4.296333       18.45848    
        1478   4.568107       20.86760    
        1479   4.595723       21.12067    
        1480   3.325163       11.05671    
        1481   2.868482       8.228190    
        1482   5.066953       25.67402    
        1483   4.145270       17.18326    
        1484   5.012163       25.12178    
        1485   4.050450       16.40615    
        1486   4.498000       20.23200    
        1487   5.161416       26.64022    
        1488   3.768893       14.20455    
        1489   3.619157       13.09830    
        1490   4.687841       21.97585    
        1491   5.622139       31.60845    
        1492   6.213522       38.60786    
        1493   3.549440       12.59852    
        1494   3.310004       10.95613    
        1495   5.467820       29.89706    
        1496   5.623352       31.62208    
        1497   5.850941       34.23351    
        1498   3.098809       9.602619    
        1499   2.341113       5.480811    
        1500   4.721065       22.28846    
