           1   3.631693       13.18919    
           2   5.198506       27.02447    
           3   3.481324       12.11961    
           4   5.106892       26.08035    
           5   4.455262       19.84936    
           6   3.559121       12.66734    
           7   3.907090       15.26536    
           8   4.869020       23.70735    
           9   4.294533       18.44301    
          10   4.943549       24.43868    
          11   4.068715       16.55444    
          12   6.019269       36.23159    
          13   4.038045       16.30581    
          14   3.451153       11.91046    
          15   5.892731       34.72428    
          16   5.249250       27.55463    
          17   5.240568       27.46355    
          18   2.419785       5.855362    
          19   7.257948       52.67781    
          20   5.806461       33.71499    
          21   3.271676       10.70387    
          22   5.734169       32.88070    
          23   5.084716       25.85434    
          24   3.509876       12.31923    
          25   3.264400       10.65631    
          26   5.241657       27.47497    
          27   5.970098       35.64208    
          28   4.908445       24.09283    
          29   2.620478       6.866905    
          30   3.055016       9.333121    
          31   4.939691       24.40055    
          32   5.249512       27.55737    
          33   2.576990       6.640879    
          34   6.796577       46.19347    
          35   2.550603       6.505576    
          36   3.418962       11.68930    
          37   4.941666       24.42006    
          38   5.095617       25.96531    
          39   4.476425       20.03838    
          40   4.005211       16.04172    
          41   4.768192       22.73565    
          42   4.504063       20.28658    
          43   3.118150       9.722857    
          44   4.038431       16.30892    
          45   2.921141       8.533063    
          46   4.891702       23.92875    
          47   4.211402       17.73591    
          48   4.434494       19.66473    
          49   5.792387       33.55175    
          50   4.898697       23.99723    
          51   5.259489       27.66222    
          52   4.522377       20.45190    
          53   5.761776       33.19807    
          54   4.046879       16.37723    
          55   5.694094       32.42271    
          56   3.903410       15.23661    
          57   6.075713       36.91429    
          58   5.533999       30.62515    
          59   5.758747       33.16317    
          60   2.847846       8.110224    
          61   4.550113       20.70353    
          62   2.013331       4.053503    
          63   4.324208       18.69878    
          64   3.298057       10.87718    
          65   4.314764       18.61719    
          66   3.979943       15.83995    
          67   5.345256       28.57177    
          68   5.197525       27.01426    
          69   3.419513       11.69307    
          70   4.958050       24.58227    
          71   2.621475       6.872129    
          72   4.703304       22.12108    
          73   5.281941       27.89890    
          74   4.910658       24.11457    
          75   3.467772       12.02544    
          76   3.454200       11.93150    
          77   1.883399       3.547190    
          78   5.166615       26.69391    
          79   3.414746       11.66049    
          80   4.232635       17.91520    
          81   5.458556       29.79584    
          82   5.192627       26.96337    
          83   2.969973       8.820743    
          84   7.243430       52.46728    
          85   5.092678       25.93537    
          86   4.040801       16.32807    
          87   3.385506       11.46165    
          88   6.254673       39.12093    
          89   6.317955       39.91655    
          90   4.007528       16.06028    
          91   5.278372       27.86121    
          92   5.781721       33.42830    
          93   5.900969       34.82143    
          94   4.445396       19.76155    
          95   3.456563       11.94783    
          96   5.073534       25.74075    
          97   4.412494       19.47011    
          98   3.723055       13.86114    
          99   3.269992       10.69285    
         100   3.574356       12.77602    
         101   3.996356       15.97086    
         102   6.435952       41.42147    
         103   4.711537       22.19858    
         104   5.202643       27.06750    
         105   4.358133       18.99332    
         106   4.499099       20.24190    
         107   4.945862       24.46155    
         108   4.343337       18.86458    
         109   5.039392       25.39547    
         110   7.225730       52.21117    
         111   4.003500       16.02801    
         112   5.539720       30.68850    
         113   4.176859       17.44616    
         114   3.723972       13.86796    
         115   4.074760       16.60367    
         116   3.829749       14.66698    
         117   5.086349       25.87094    
         118   4.543492       20.64332    
         119   4.709219       22.17674    
         120   4.671214       21.82024    
         121   4.160799       17.31224    
         122   4.180691       17.47818    
         123   2.558568       6.546272    
         124   3.159039       9.979528    
         125   5.325205       28.35781    
         126   4.633437       21.46874    
         127   6.926471       47.97600    
         128   3.511734       12.33227    
         129   5.563213       30.94933    
         130   4.301435       18.50235    
         131   4.274501       18.27136    
         132   4.169940       17.38840    
         133   2.696017       7.268506    
         134   3.318993       11.01571    
         135   4.565687       20.84550    
         136   3.601838       12.97324    
         137   4.852633       23.54804    
         138   5.753806       33.10628    
         139   4.916559       24.17255    
         140   4.958214       24.58389    
         141   4.625054       21.39112    
         142   2.483314       6.166847    
         143   5.543469       30.73005    
         144   3.069744       9.423330    
         145   5.366302       28.79721    
         146   6.179752       38.18934    
         147   2.211068       4.888822    
         148   4.319585       18.65882    
         149   3.874405       15.01102    
         150   3.573255       12.76815    
         151   4.661572       21.73025    
         152   4.954616       24.54822    
         153   3.705165       13.72825    
         154   3.598997       12.95278    
         155   4.656294       21.68108    
         156   4.623161       21.37362    
         157   2.385759       5.691847    
         158   3.208883       10.29693    
         159   6.020940       36.25172    
         160   3.612697       13.05158    
         161   5.002470       25.02470    
         162   3.673333       13.49338    
         163   3.946842       15.57756    
         164   4.069897       16.56406    
         165   5.462794       29.84212    
         166   3.753726       14.09046    
         167   5.634628       31.74903    
         168   3.951608       15.61521    
         169   3.305253       10.92470    
         170   4.837911       23.40537    
         171   4.822332       23.25488    
         172   4.192169       17.57428    
         173   4.210903       17.73170    
         174   5.272135       27.79540    
         175   5.106225       26.07353    
         176   4.628114       21.41944    
         177   2.898982       8.404096    
         178   4.934811       24.35236    
         179   4.936964       24.37361    
         180   4.503831       20.28449    
         181   4.067629       16.54561    
         182   6.645020       44.15630    
         183   2.829820       8.007880    
         184   3.386712       11.46982    
         185   4.757439       22.63322    
         186   4.233803       17.92509    
         187   2.466819       6.085196    
         188   1.591060       2.531472    
         189   3.440958       11.84019    
         190   5.210518       27.14950    
         191   2.989709       8.938358    
         192   4.339795       18.83382    
         193   4.961815       24.61961    
         194   4.465407       19.93986    
         195   5.524925       30.52480    
         196   3.160832       9.990858    
         197   5.136369       26.38229    
         198   5.913512       34.96963    
         199   2.562211       6.564924    
         200   3.174777       10.07921    
         201   2.242925       5.030714    
         202   4.173628       17.41918    
         203   2.911053       8.474231    
         204   3.292535       10.84079    
         205   3.665457       13.43557    
         206   2.536520       6.433932    
         207   6.329920       40.06789    
         208   5.092688       25.93546    
         209   4.614487       21.29349    
         210   2.342410       5.486884    
         211   4.215535       17.77074    
         212   2.821169       7.958996    
         213   3.263033       10.64738    
         214   4.930959       24.31436    
         215   6.026867       36.32313    
         216   5.559808       30.91146    
         217   3.839348       14.74059    
         218   2.992327       8.954022    
         219   4.567555       20.86256    
         220   4.421259       19.54753    
         221   6.293550       39.60877    
         222   4.971026       24.71110    
         223   3.534903       12.49554    
         224   4.139132       17.13241    
         225   5.213260       27.17808    
         226   2.696151       7.269229    
         227   3.112596       9.688252    
         228   3.753162       14.08623    
         229   6.496129       42.19969    
         230   2.610925       6.816928    
         231   5.217655       27.22393    
         232   5.185659       26.89106    
         233   5.015420       25.15444    
         234   4.936267       24.36673    
         235   4.505246       20.29724    
         236   2.484368       6.172085    
         237   5.937046       35.24851    
         238   3.647616       13.30511    
         239   4.801288       23.05236    
         240   3.944650       15.56027    
         241   5.016725       25.16753    
         242   5.305528       28.14862    
         243   5.014956       25.14979    
         244   5.649339       31.91503    
         245   4.999531       24.99532    
         246   3.329543       11.08586    
         247   3.557736       12.65749    
         248   4.123927       17.00677    
         249   5.188490       26.92043    
         250   4.856014       23.58087    
         251   5.413753       29.30872    
         252   6.297505       39.65857    
         253   3.845233       14.78582    
         254   5.444045       29.63763    
         255   4.578469       20.96238    
         256   4.920006       24.20646    
         257   3.162752       10.00300    
         258   5.220747       27.25619    
         259   3.993283       15.94631    
         260   4.693782       22.03159    
         261   3.202077       10.25330    
         262   5.923405       35.08673    
         263   3.257189       10.60928    
         264   2.417009       5.841931    
         265   5.598799       31.34655    
         266   2.980153       8.881314    
         267   4.130443       17.06056    
         268   2.865118       8.208900    
         269   3.848169       14.80840    
         270   3.008563       9.051450    
         271   2.692509       7.249604    
         272   3.884325       15.08798    
         273   5.047662       25.47889    
         274   3.831629       14.68138    
         275   3.520593       12.39458    
         276   5.259585       27.66323    
         277   4.240130       17.97870    
         278   5.317462       28.27541    
         279   4.527975       20.50255    
         280   5.778930       33.39603    
         281   2.760582       7.620815    
         282   4.722858       22.30539    
         283   2.896412       8.389204    
         284   2.924305       8.551562    
         285   4.831851       23.34678    
         286   3.542699       12.55072    
         287   3.733779       13.94111    
         288   6.146865       37.78395    
         289   6.265207       39.25282    
         290   4.502475       20.27228    
         291   3.841728       14.75887    
         292   5.045349       25.45554    
         293   4.885772       23.87077    
         294   2.766477       7.653393    
         295   3.678703       13.53286    
         296   6.250256       39.06570    
         297   5.465314       29.86966    
         298   1.747007       3.052035    
         299   5.449271       29.69455    
         300   3.812093       14.53205    
         301   4.661552       21.73007    
         302   4.243586       18.00802    
         303   5.133859       26.35651    
         304   4.574682       20.92772    
         305   3.665853       13.43848    
         306   4.350184       18.92410    
         307   3.889751       15.13016    
         308   3.375730       11.39555    
         309   4.538153       20.59483    
         310   5.382020       28.96614    
         311   4.093221       16.75445    
         312   3.697442       13.67107    
         313   3.120987       9.740558    
         314   5.354402       28.66961    
         315   2.285730       5.224564    
         316   4.543854       20.64661    
         317   4.051178       16.41204    
         318   3.788034       14.34920    
         319   5.695650       32.44043    
         320   4.546103       20.66705    
         321   6.363449       40.49348    
         322   4.053058       16.42728    
         323   3.957920       15.66513    
         324   3.798430       14.42807    
         325   6.473132       41.90145    
         326   4.557917       20.77460    
         327   4.416031       19.50133    
         328   4.249584       18.05896    
         329   4.518569       20.41746    
         330   4.472545       20.00365    
         331   4.753418       22.59498    
         332   5.256534       27.63115    
         333   3.508929       12.31258    
         334   5.452446       29.72917    
         335   1.205675       1.453651    
         336   5.130887       26.32600    
         337   3.297930       10.87634    
         338   5.764235       33.22641    
         339   2.528897       6.395322    
         340   3.071125       9.431808    
         341   4.583257       21.00624    
         342   2.613188       6.828751    
         343   3.510553       12.32398    
         344   5.996016       35.95221    
         345   3.872524       14.99644    
         346   4.534794       20.56436    
         347   3.689455       13.61208    
         348   4.622478       21.36730    
         349   6.162771       37.97974    
         350   5.228271       27.33482    
         351   4.816184       23.19562    
         352   3.393257       11.51419    
         353   4.095953       16.77684    
         354   4.119412       16.96955    
         355   5.345054       28.56960    
         356   5.268488       27.75697    
         357   2.382369       5.675683    
         358   5.015304       25.15327    
         359   4.033500       16.26912    
         360   6.735133       45.36201    
         361   5.656813       31.99954    
         362   3.505092       12.28567    
         363   2.755630       7.593496    
         364   2.710178       7.345063    
         365   3.447230       11.88340    
         366   3.449256       11.89737    
         367   5.619760       31.58171    
         368   1.984597       3.938625    
         369   3.026536       9.159924    
         370   6.283179       39.47833    
         371   4.838759       23.41359    
         372   4.695786       22.05040    
         373   4.372161       19.11579    
         374   5.178303       26.81483    
         375   4.434459       19.66443    
         376   2.928418       8.575632    
         377   4.063327       16.51063    
         378   6.125328       37.51964    
         379   5.987156       35.84605    
         380   4.586345       21.03456    
         381   3.546167       12.57530    
         382   4.083466       16.67469    
         383   3.231538       10.44283    
         384   4.528642       20.50859    
         385   4.431967       19.64233    
         386   1.726942       2.982330    
         387   3.566989       12.72341    
         388   5.689422       32.36952    
         389   4.155166       17.26540    
         390   3.855311       14.86342    
         391   2.574641       6.628776    
         392   4.760192       22.65943    
         393   5.281844       27.89788    
         394   5.267100       27.74234    
         395   4.795375       22.99562    
         396   4.352770       18.94661    
         397   5.359824       28.72772    
         398   4.336129       18.80202    
         399   4.762770       22.68398    
         400   4.150463       17.22634    
         401   5.509316       30.35257    
         402   4.010893       16.08726    
         403   5.093409       25.94281    
         404   3.679187       13.53641    
         405   2.349440       5.519866    
         406   5.102674       26.03728    
         407   3.057013       9.345325    
         408   5.151385       26.53677    
         409   5.954025       35.45041    
         410   2.261803       5.115753    
         411   5.300090       28.09096    
         412   5.119611       26.21042    
         413   2.119475       4.492175    
         414   4.412723       19.47212    
         415   2.713111       7.360972    
         416   3.905757       15.25494    
         417   3.416411       11.67186    
         418   3.410709       11.63294    
         419   2.514776       6.324099    
         420   4.503882       20.28496    
         421   3.516941       12.36887    
         422   3.434166       11.79349    
         423   3.934155       15.47757    
         424   4.161391       17.31718    
         425   5.033053       25.33162    
         426   5.156484       26.58933    
         427   3.177933       10.09926    
         428   3.856811       14.87499    
         429   4.796778       23.00908    
         430   4.648720       21.61060    
         431   3.593748       12.91502    
         432   4.373838       19.13047    
         433   5.462307       29.83681    
         434   4.612698       21.27698    
         435   3.317787       11.00771    
         436   6.397743       40.93111    
         437   4.462613       19.91491    
         438   4.200799       17.64671    
         439   5.011757       25.11771    
         440   3.969609       15.75780    
         441   4.514719       20.38269    
         442   2.949728       8.700896    
         443   5.362857       28.76024    
         444   5.541824       30.71181    
         445   2.889202       8.347490    
         446   3.654870       13.35807    
         447   2.908968       8.462096    
         448   4.421285       19.54776    
         449   3.290250       10.82574    
         450   5.890452       34.69742    
         451   2.470969       6.105690    
         452   5.381266       28.95802    
         453   2.242849       5.030370    
         454   4.272374       18.25318    
         455   4.150172       17.22393    
         456   4.851121       23.53338    
         457   4.812409       23.15928    
         458   4.009931       16.07955    
         459   5.155712       26.58136    
         460   5.928349       35.14532    
         461   3.153500       9.944563    
         462   3.709125       13.75761    
         463   4.142628       17.16137    
         464   4.211463       17.73642    
         465   5.059605       25.59960    
         466   2.593217       6.724773    
         467   5.627870       31.67292    
         468   5.167884       26.70703    
         469   3.937436       15.50340    
         470   4.257215       18.12388    
         471   5.714262       32.65280    
         472   3.104380       9.637173    
         473   4.022797       16.18290    
         474   1.761001       3.101125    
         475   6.322773       39.97746    
         476   5.321969       28.32335    
         477   4.513714       20.37362    
         478   5.081042       25.81699    
         479   5.447326       29.67336    
         480   7.159696       51.26125    
         481   3.559392       12.66928    
         482   5.418169       29.35655    
         483   4.251809       18.07788    
         484   2.820177       7.953397    
         485   4.940983       24.41331    
         486   3.148303       9.911813    
         487   3.300432       10.89285    
         488   6.907969       47.72002    
         489   3.023172       9.139570    
         490   4.950819       24.51060    
         491   4.260758       18.15406    
         492   4.933314       24.33759    
         493   4.710238       22.18634    
         494   4.129539       17.05310    
         495   5.206365       27.10624    
         496   6.381974       40.72960    
         497   4.632084       21.45620    
         498   4.854147       23.56275    
         499   3.044162       9.266921    
         500   1.901965       3.617470    
         501   4.559949       20.79313    
         502   6.071583       36.86412    
         503   6.785479       46.04273    
         504   4.451520       19.81604    
         505   4.209242       17.71772    
         506   2.037965       4.153301    
         507   3.332176       11.10340    
         508   2.980218       8.881701    
         509   3.765504       14.17902    
         510   5.538456       30.67449    
         511   5.073119       25.73654    
         512   4.872287       23.73919    
         513   5.215507       27.20151    
         514   4.677833       21.88212    
         515   3.694822       13.65171    
         516   3.685644       13.58397    
         517   5.353300       28.65782    
         518   3.343785       11.18090    
         519   4.825279       23.28332    
         520   2.113207       4.465643    
         521   1.776052       3.154360    
         522   4.743946       22.50502    
         523   2.411049       5.813158    
         524   5.300856       28.09908    
         525   5.797333       33.60907    
         526   4.948556       24.48821    
         527   4.151264       17.23299    
         528   6.272939       39.34976    
         529   3.810884       14.52284    
         530   4.927613       24.28137    
         531   5.121230       26.22700    
         532   3.107470       9.656369    
         533   3.747633       14.04475    
         534   3.563525       12.69871    
         535   4.555921       20.75641    
         536   4.106392       16.86246    
         537   2.336998       5.461561    
         538   3.324062       11.04939    
         539   4.263532       18.17771    
         540   6.505486       42.32135    
         541   4.688386       21.98097    
         542   5.402436       29.18632    
         543   5.325018       28.35582    
         544   5.018023       25.18056    
         545   4.104523       16.84711    
         546   4.030015       16.24101    
         547   4.453957       19.83773    
         548   4.173571       17.41870    
         549   4.988852       24.88864    
         550   1.662098       2.762569    
         551   2.050343       4.203907    
         552   3.987444       15.89971    
         553   4.276816       18.29116    
         554   3.487480       12.16252    
         555   1.284372       1.649610    
         556   6.760175       45.69997    
         557   3.805451       14.48146    
         558   4.620649       21.35040    
         559   4.942373       24.42705    
         560   5.682585       32.29177    
         561   4.862130       23.64031    
         562   4.006420       16.05140    
         563   3.220943       10.37447    
         564   6.086325       37.04335    
         565   5.034627       25.34747    
         566   2.239099       5.013565    
         567   4.412306       19.46845    
         568   4.254012       18.09662    
         569   2.786108       7.762396    
         570   5.451809       29.72222    
         571   6.565409       43.10459    
         572   5.289733       27.98128    
         573   5.538636       30.67649    
         574   2.909281       8.463913    
         575   3.465830       12.01198    
         576   5.205367       27.09584    
         577   4.345674       18.88488    
         578   6.998481       48.97873    
         579   3.910610       15.29287    
         580   5.815613       33.82136    
         581   3.360401       11.29230    
         582   3.842939       14.76818    
         583   7.240213       52.42069    
         584   2.879459       8.291282    
         585   3.646864       13.29962    
         586   4.734075       22.41146    
         587   3.417940       11.68231    
         588   4.626780       21.40709    
         589   3.981861       15.85521    
         590   3.602660       12.97916    
         591   3.018404       9.110765    
         592   2.509326       6.296716    
         593   4.518650       20.41820    
         594   2.617174       6.849598    
         595   5.665278       32.09538    
         596   3.253375       10.58445    
         597   3.788638       14.35378    
         598   4.389310       19.26604    
         599   4.091273       16.73851    
         600   3.933677       15.47382    
         601   5.375781       28.89902    
         602   2.076841       4.313268    
         603   4.218293       17.79399    
         604   6.169541       38.06323    
         605   3.597838       12.94444    
         606   3.576774       12.79331    
         607   4.100365       16.81299    
         608   3.005802       9.034845    
         609   4.278288       18.30375    
         610   4.564853       20.83788    
         611   2.517205       6.336319    
         612   4.625037       21.39097    
         613   5.646481       31.88275    
         614   5.810503       33.76195    
         615   3.082774       9.503496    
         616   4.073024       16.58952    
         617   4.241030       17.98633    
         618   4.216268       17.77691    
         619   6.571445       43.18388    
         620   5.011537       25.11550    
         621   5.261068       27.67884    
         622   4.517460       20.40745    
         623   1.936846       3.751371    
         624   4.815668       23.19065    
         625   4.115844       16.94017    
         626   4.730796       22.38043    
         627   5.606432       31.43208    
         628   5.810778       33.76514    
         629   4.539924       20.61091    
         630   4.394223       19.30920    
         631   5.292060       28.00590    
         632   2.904682       8.437177    
         633   4.733900       22.40981    
         634   6.108917       37.31887    
         635   3.443135       11.85518    
         636   3.964921       15.72060    
         637   4.869618       23.71318    
         638   3.784856       14.32514    
         639   5.815553       33.82066    
         640   4.825111       23.28170    
         641   4.364645       19.05013    
         642   3.554562       12.63491    
         643   4.299486       18.48558    
         644   2.721042       7.404068    
         645   5.959299       35.51324    
         646   2.065045       4.264413    
         647   2.468901       6.095473    
         648   4.709193       22.17650    
         649   5.361767       28.74854    
         650   3.266728       10.67151    
         651   3.281681       10.76943    
         652   3.357191       11.27073    
         653   4.262076       18.16529    
         654   4.411441       19.46081    
         655   6.214288       38.61738    
         656   4.649369       21.61664    
         657   4.797738       23.01829    
         658   4.668600       21.79583    
         659   5.188929       26.92499    
         660   6.384025       40.75577    
         661   4.086577       16.70011    
         662   4.071079       16.57369    
         663   6.477792       41.96179    
         664   4.068415       16.55200    
         665   4.605453       21.21020    
         666   3.001645       9.009875    
         667   2.311507       5.343066    
         668   3.107400       9.655934    
         669   2.387328       5.699335    
         670   3.255065       10.59545    
         671   4.591903       21.08557    
         672   2.587553       6.695432    
         673   4.930622       24.31103    
         674   2.490429       6.202235    
         675   5.869765       34.45414    
         676   5.260484       27.67269    
         677   3.800327       14.44249    
         678   3.642721       13.26942    
         679   4.934405       24.34835    
         680   6.539513       42.76524    
         681   3.779632       14.28562    
         682   6.334080       40.12057    
         683   2.469041       6.096161    
         684   4.342064       18.85352    
         685   6.525284       42.57933    
         686   4.009914       16.07941    
         687   5.834462       34.04094    
         688   4.085030       16.68747    
         689   4.076413       16.61715    
         690   4.355945       18.97426    
         691   4.933203       24.33650    
         692   5.194242       26.98015    
         693   3.348811       11.21453    
         694   4.530652       20.52680    
         695   4.127502       17.03627    
         696   5.246755       27.52843    
         697   1.919572       3.684757    
         698   3.705343       13.72957    
         699   3.975587       15.80529    
         700   5.442564       29.62151    
         701   3.837383       14.72551    
         702   4.289884       18.40311    
         703   6.213728       38.61042    
         704   5.179928       26.83166    
         705   4.166113       17.35650    
         706   4.849687       23.51947    
         707   3.272570       10.70972    
         708   4.630816       21.44445    
         709   3.231250       10.44098    
         710   3.358758       11.28125    
         711   4.060410       16.48693    
         712   2.546954       6.486974    
         713   4.472201       20.00059    
         714   2.832155       8.021103    
         715   5.867964       34.43300    
         716   3.253440       10.58487    
         717   3.058218       9.352698    
         718   3.942424       15.54271    
         719   2.741815       7.517547    
         720   4.768623       22.73977    
         721   3.596769       12.93675    
         722   2.899340       8.406173    
         723   3.737445       13.96850    
         724   3.185314       10.14623    
         725   4.908585       24.09421    
         726   3.085550       9.520617    
         727   3.921861       15.38100    
         728   5.814235       33.80532    
         729   4.228213       17.87778    
         730   4.479485       20.06578    
         731   3.812171       14.53265    
         732   3.791934       14.37877    
         733   4.283467       18.34809    
         734   3.956951       15.65746    
         735   4.141768       17.15424    
         736   4.619088       21.33597    
         737   2.993619       8.961755    
         738   3.282324       10.77365    
         739   5.821810       33.89348    
         740   6.044326       36.53388    
         741   4.344088       18.87110    
         742   2.702977       7.306087    
         743   5.126608       26.28211    
         744   2.327077       5.415289    
         745   4.368840       19.08676    
         746   2.974605       8.848275    
         747   2.350679       5.525692    
         748   5.259507       27.66241    
         749   3.513503       12.34470    
         750   3.944715       15.56077    
         751   4.528270       20.50523    
         752   5.506372       30.32014    
         753   2.781783       7.738315    
         754   4.205333       17.68482    
         755   2.857990       8.168104    
         756   3.358085       11.27674    
         757   6.440289       41.47733    
         758   5.184864       26.88281    
         759   3.336020       11.12903    
         760   4.477630       20.04917    
         761   5.065268       25.65693    
         762   2.960109       8.762248    
         763   4.447535       19.78057    
         764   4.809651       23.13274    
         765   3.922344       15.38478    
         766   3.618282       13.09197    
         767   3.995833       15.96668    
         768   4.699251       22.08296    
         769   4.134106       17.09083    
         770   4.071863       16.58007    
         771   4.707938       22.16468    
         772   5.037871       25.38015    
         773   3.315289       10.99115    
         774   5.669885       32.14759    
         775   3.211345       10.31274    
         776   4.890957       23.92146    
         777   5.312609       28.22381    
         778   4.479572       20.06656    
         779   2.740202       7.508707    
         780   2.854427       8.147756    
         781   3.818349       14.57979    
         782   5.235457       27.41001    
         783   4.432872       19.65036    
         784   6.345297       40.26281    
         785   4.639755       21.52733    
         786   3.408333       11.61674    
         787   5.953580       35.44511    
         788   3.899531       15.20635    
         789   4.120307       16.97693    
         790   3.281017       10.76507    
         791   2.860572       8.182873    
         792   3.957043       15.65819    
         793   4.645484       21.58053    
         794   4.758110       22.63961    
         795   3.084110       9.511735    
         796   3.655217       13.36061    
         797   2.704916       7.316569    
         798   3.901144       15.21892    
         799   4.756425       22.62358    
         800   3.543945       12.55955    
         801   4.470756       19.98766    
         802   3.882262       15.07196    
         803   4.523950       20.46612    
         804   3.907565       15.26906    
         805   5.447675       29.67716    
         806   3.814878       14.55330    
         807   4.080314       16.64896    
         808   3.084272       9.512733    
         809   3.496409       12.22487    
         810   4.277810       18.29966    
         811   4.665222       21.76429    
         812   3.851901       14.83714    
         813   3.232080       10.44634    
         814   5.043758       25.43949    
         815   2.619382       6.861164    
         816   4.254919       18.10434    
         817   3.282876       10.77727    
         818   3.718698       13.82871    
         819   6.273766       39.36013    
         820   4.002370       16.01897    
         821   3.643570       13.27560    
         822   3.695601       13.65746    
         823   4.565189       20.84095    
         824   3.950915       15.60973    
         825   2.410205       5.809090    
         826   2.990807       8.944928    
         827   3.233943       10.45839    
         828   3.869763       14.97506    
         829   3.108728       9.664193    
         830   4.079238       16.64018    
         831   4.777529       22.82479    
         832   3.929859       15.44379    
         833   4.847371       23.49701    
         834   3.672557       13.48767    
         835   2.667512       7.115619    
         836   4.363884       19.04349    
         837   2.168479       4.702301    
         838   5.458339       29.79347    
         839   4.066478       16.53625    
         840   4.693463       22.02859    
         841   5.878174       34.55293    
         842   4.489852       20.15877    
         843   3.814998       14.55421    
         844   4.990760       24.90769    
         845   5.168281       26.71112    
         846   5.393676       29.09175    
         847   3.908873       15.27929    
         848   4.509896       20.33916    
         849   5.370232       28.83939    
         850   5.164604       26.67313    
         851   4.668452       21.79444    
         852   5.063439       25.63842    
         853   4.175074       17.43125    
         854   3.939849       15.52241    
         855   4.571262       20.89644    
         856   4.169052       17.38099    
         857   6.181267       38.20806    
         858   4.896894       23.97957    
         859   4.487097       20.13404    
         860   5.682245       32.28791    
         861   2.535849       6.430529    
         862   4.977337       24.77388    
         863   6.863527       47.10801    
         864   3.491673       12.19178    
         865   3.240142       10.49852    
         866   5.236753       27.42358    
         867   3.233578       10.45603    
         868   4.705211       22.13901    
         869   3.459940       11.97118    
         870   3.270205       10.69425    
         871   5.742146       32.97224    
         872   6.015209       36.18275    
         873   2.367546       5.605276    
         874   4.754261       22.60300    
         875   3.919422       15.36187    
         876   4.278347       18.30425    
         877   4.045125       16.36303    
         878   1.995985       3.983956    
         879   3.553988       12.63083    
         880   1.800548       3.241973    
         881   4.585368       21.02560    
         882   5.675139       32.20721    
         883   2.431595       5.912652    
         884   5.386552       29.01495    
         885   2.785590       7.759513    
         886   4.477905       20.05164    
         887   5.881248       34.58907    
         888   3.970598       15.76565    
         889   4.412221       19.46770    
         890   6.624916       43.88950    
         891   4.208044       17.70763    
         892   2.483057       6.165573    
         893   4.526423       20.48851    
         894   4.512804       20.36540    
         895   4.099351       16.80468    
         896   5.593128       31.28308    
         897   3.373152       11.37815    
         898   4.990603       24.90612    
         899   4.419906       19.53557    
         900   5.195207       26.99017    
         901   5.102640       26.03694    
         902   3.792735       14.38484    
         903   3.519365       12.38593    
         904   4.407066       19.42223    
         905   2.819409       7.949066    
         906   3.619889       13.10360    
         907   6.107838       37.30569    
         908   6.257068       39.15090    
         909   4.573492       20.91683    
         910   5.323988       28.34485    
         911   5.155195       26.57604    
         912   2.469363       6.097754    
         913   3.612790       13.05225    
         914   3.877088       15.03181    
         915   4.545691       20.66331    
         916   5.544293       30.73919    
         917   5.124701       26.26256    
         918   2.878662       8.286694    
         919   6.475638       41.93390    
         920   3.801155       14.44878    
         921   2.164790       4.686316    
         922   4.654688       21.66612    
         923   4.717160       22.25160    
         924   3.262341       10.64287    
         925   3.668391       13.45709    
         926   4.786069       22.90646    
         927   4.146749       17.19553    
         928   4.511352       20.35230    
         929   4.508410       20.32577    
         930   5.698736       32.47559    
         931   3.495191       12.21636    
         932   2.215961       4.910482    
         933   4.632303       21.45823    
         934   4.476533       20.03935    
         935   4.035218       16.28299    
         936   4.116306       16.94398    
         937   3.908067       15.27298    
         938   5.120272       26.21719    
         939   3.723163       13.86195    
         940   6.221121       38.70235    
         941   5.615394       31.53265    
         942   5.366419       28.79846    
         943   6.092010       37.11259    
         944   6.393003       40.87049    
         945   6.781945       45.99477    
         946   2.554710       6.526543    
         947   5.063661       25.64067    
         948   5.046559       25.46776    
         949   4.092273       16.74670    
         950   2.773859       7.694292    
         951   2.831592       8.017914    
         952   2.519071       6.345717    
         953   3.383637       11.44900    
         954   4.812025       23.15558    
         955   3.381903       11.43727    
         956   6.595423       43.49961    
         957   2.816125       7.930561    
         958   4.732415       22.39576    
         959   5.295427       28.04154    
         960   4.933239       24.33684    
         961   3.699616       13.68716    
         962   4.633183       21.46638    
         963   3.492680       12.19882    
         964   2.073239       4.298319    
         965   5.198140       27.02066    
         966   4.148865       17.21308    
         967   3.213014       10.32346    
         968   5.871768       34.47766    
         969   4.717611       22.25586    
         970   5.346272       28.58263    
         971   5.361117       28.74158    
         972   4.757838       22.63702    
         973   4.694968       22.04273    
         974   4.212756       17.74731    
         975   4.316843       18.63513    
         976   4.971038       24.71122    
         977   5.507943       30.33744    
         978   4.790648       22.95030    
         979   4.611329       21.26435    
         980   4.321267       18.67335    
         981   4.837386       23.40030    
         982   3.899259       15.20422    
         983   3.661528       13.40678    
         984   3.560639       12.67815    
         985   4.020193       16.16195    
         986   4.455853       19.85462    
         987   4.712721       22.20974    
         988   3.310977       10.96256    
         989   5.676429       32.22185    
         990   3.354723       11.25416    
         991   3.729613       13.91001    
         992   5.024823       25.24885    
         993   5.939003       35.27177    
         994   5.156646       26.59100    
         995   2.860238       8.180961    
         996   5.495260       30.19788    
         997   5.277930       27.85655    
         998   4.181972       17.48889    
         999   4.010027       16.08032    
        1000   5.037376       25.37516    
        1001   5.001595       25.01595    
        1002   4.909920       24.10731    
        1003   4.165706       17.35311    
        1004   4.524059       20.46711    
        1005   3.298469       10.87990    
        1006   3.783413       14.31421    
        1007   5.394342       29.09893    
        1008   5.247943       27.54091    
        1009   3.981507       15.85240    
        1010   3.467072       12.02059    
        1011   2.442458       5.965603    
        1012   3.667902       13.45351    
        1013   5.160765       26.63350    
        1014   2.155229       4.645014    
        1015   4.410999       19.45691    
        1016   3.593545       12.91356    
        1017   6.295558       39.63406    
        1018   4.537628       20.59007    
        1019   4.779310       22.84180    
        1020   4.557837       20.77388    
        1021   2.600921       6.764789    
        1022   4.006375       16.05104    
        1023   2.160494       4.667736    
        1024   5.699195       32.48083    
        1025   2.986199       8.917387    
        1026   4.118988       16.96606    
        1027   3.466296       12.01521    
        1028   4.638820       21.51865    
        1029   5.011413       25.11426    
        1030   4.871264       23.72921    
        1031   2.165519       4.689473    
        1032   5.497298       30.22028    
        1033   3.946962       15.57851    
        1034   5.061432       25.61809    
        1035   4.521167       20.44095    
        1036   5.430002       29.48492    
        1037   3.517351       12.37175    
        1038   5.680273       32.26551    
        1039   3.226741       10.41186    
        1040   5.193454       26.97197    
        1041   6.227610       38.78313    
        1042   4.889536       23.90756    
        1043   4.040590       16.32637    
        1044   3.520667       12.39510    
        1045   4.023043       16.18487    
        1046   2.168204       4.701109    
        1047   5.029534       25.29622    
        1048   3.559667       12.67123    
        1049   4.244913       18.01929    
        1050   3.987676       15.90156    
        1051   4.392189       19.29132    
        1052   4.711409       22.19737    
        1053   4.411016       19.45707    
        1054   2.750423       7.564825    
        1055   4.281468       18.33097    
        1056   4.938911       24.39284    
        1057   4.731015       22.38251    
        1058   3.910970       15.29569    
        1059   4.445090       19.75883    
        1060   4.777950       22.82881    
        1061   3.877028       15.03135    
        1062   3.747058       14.04044    
        1063   3.017587       9.105834    
        1064   4.924598       24.25167    
        1065   5.137366       26.39253    
        1066   4.145417       17.18449    
        1067   5.693607       32.41715    
        1068   3.824916       14.62998    
        1069   4.873379       23.74983    
        1070   5.056407       25.56726    
        1071   4.703361       22.12160    
        1072   3.018754       9.112878    
        1073   5.756670       33.13925    
        1074   5.571106       31.03723    
        1075   5.826073       33.94312    
        1076   2.566105       6.584898    
        1077   4.344931       18.87842    
        1078   3.368434       11.34635    
        1079   3.848908       14.81409    
        1080   5.146756       26.48910    
        1081   3.761367       14.14788    
        1082   4.454704       19.84439    
        1083   4.937274       24.37668    
        1084   4.853387       23.55536    
        1085   4.726293       22.33784    
        1086   4.245449       18.02384    
        1087   2.838528       8.057240    
        1088   3.107050       9.653759    
        1089   3.721066       13.84633    
        1090   3.332829       11.10775    
        1091   5.077007       25.77600    
        1092   4.924980       24.25542    
        1093   4.503688       20.28321    
        1094   3.059233       9.358910    
        1095   3.954028       15.63434    
        1096   4.226225       17.86098    
        1097   1.943568       3.777457    
        1098   5.177170       26.80308    
        1099   4.652664       21.64728    
        1100   2.515499       6.327737    
        1101   5.135727       26.37570    
        1102   6.175720       38.13952    
        1103   5.479282       30.02254    
        1104   6.105354       37.27534    
        1105   3.892646       15.15269    
        1106   3.636532       13.22436    
        1107   3.944563       15.55958    
        1108   4.616669       21.31363    
        1109   2.675665       7.159185    
        1110   4.458498       19.87820    
        1111   3.798650       14.42974    
        1112   5.933974       35.21205    
        1113   2.098866       4.405236    
        1114   4.020158       16.16167    
        1115   4.411748       19.46352    
        1116   5.123096       26.24611    
        1117   2.316759       5.367373    
        1118   3.825695       14.63594    
        1119   5.160461       26.63036    
        1120   5.872820       34.49002    
        1121   5.922553       35.07663    
        1122   5.028862       25.28945    
        1123   5.270799       27.78132    
        1124   2.839791       8.064415    
        1125   4.353770       18.95532    
        1126   6.906803       47.70392    
        1127   3.213415       10.32604    
        1128   4.836667       23.39335    
        1129   6.093980       37.13660    
        1130   5.553686       30.84343    
        1131   3.756408       14.11060    
        1132   5.039701       25.39859    
        1133   4.711741       22.20050    
        1134   3.306813       10.93501    
        1135   6.405553       41.03111    
        1136   4.196437       17.61009    
        1137   4.805973       23.09737    
        1138   3.135294       9.830070    
        1139   4.640619       21.53535    
        1140   4.276680       18.29000    
        1141   3.652889       13.34360    
        1142   5.145236       26.47345    
        1143   3.612216       13.04810    
        1144   3.315026       10.98939    
        1145   2.571171       6.610921    
        1146   5.914142       34.97708    
        1147   2.452887       6.016656    
        1148   3.688937       13.60826    
        1149   3.227374       10.41594    
        1150   2.064085       4.260449    
        1151   4.206495       17.69460    
        1152   4.287889       18.38599    
        1153   5.085761       25.86497    
        1154   3.298739       10.88168    
        1155   3.883292       15.07996    
        1156   3.475587       12.07970    
        1157   4.545326       20.65999    
        1158   4.112747       16.91469    
        1159   4.552863       20.72856    
        1160   4.997278       24.97279    
        1161   5.743410       32.98676    
        1162   7.211783       52.00982    
        1163   4.054868       16.44195    
        1164   4.516747       20.40100    
        1165   4.028443       16.22836    
        1166   4.501789       20.26610    
        1167   4.724970       22.32535    
        1168   3.726871       13.88957    
        1169   6.708528       45.00434    
        1170   3.713369       13.78911    
        1171   3.150564       9.926052    
        1172   4.814147       23.17601    
        1173   5.095111       25.96016    
        1174   4.451077       19.81208    
        1175   4.107180       16.86893    
        1176   2.649025       7.017334    
        1177   4.744619       22.51141    
        1178   3.868921       14.96855    
        1179   2.580592       6.659458    
        1180   2.658658       7.068461    
        1181   3.026527       9.159867    
        1182   3.359011       11.28296    
        1183   5.266901       27.74025    
        1184   3.581247       12.82533    
        1185   4.624123       21.38251    
        1186   5.773620       33.33469    
        1187   5.647427       31.89343    
        1188   3.471750       12.05305    
        1189   4.201243       17.65044    
        1190   2.902071       8.422013    
        1191   4.450319       19.80534    
        1192   5.329616       28.40481    
        1193   2.262998       5.121161    
        1194   5.437286       29.56408    
        1195   2.985442       8.912863    
        1196   4.963891       24.64021    
        1197   6.078316       36.94592    
        1198   5.236603       27.42201    
        1199   7.716388       59.54264    
        1200   3.539552       12.52843    
        1201   5.637216       31.77820    
        1202   1.911223       3.652774    
        1203   3.417498       11.67929    
        1204   3.925515       15.40967    
        1205   5.957952       35.49720    
        1206   2.558552       6.546189    
        1207   3.161381       9.994328    
        1208   3.469573       12.03794    
        1209   5.474336       29.96835    
        1210   3.974899       15.79982    
        1211   4.499555       20.24599    
        1212   4.871100       23.72762    
        1213   2.188684       4.790339    
        1214   3.843201       14.77019    
        1215   3.530625       12.46531    
        1216   2.272580       5.164622    
        1217   4.694902       22.04211    
        1218   3.172657       10.06575    
        1219   1.531279       2.344815    
        1220   4.485660       20.12115    
        1221   4.908489       24.09327    
        1222   2.748607       7.554839    
        1223   4.836499       23.39172    
        1224   4.152153       17.24037    
        1225   4.274531       18.27162    
        1226   3.972050       15.77718    
        1227   3.881956       15.06958    
        1228   4.290277       18.40648    
        1229   3.749439       14.05830    
        1230   5.196088       26.99934    
        1231   2.353789       5.540325    
        1232   3.905671       15.25427    
        1233   4.296284       18.45806    
        1234   4.737847       22.44720    
        1235   4.158884       17.29631    
        1236   4.449380       19.79699    
        1237   3.930138       15.44599    
        1238   4.924845       24.25410    
        1239   4.738110       22.44969    
        1240   5.856031       34.29311    
        1241   4.625949       21.39940    
        1242   5.345651       28.57598    
        1243   5.387979       29.03032    
        1244   4.282278       18.33790    
        1245   3.563205       12.69643    
        1246   5.004840       25.04842    
        1247   6.063696       36.76841    
        1248   5.338321       28.49767    
        1249   5.402388       29.18580    
        1250   5.967696       35.61340    
        1251   6.539211       42.76128    
        1252   4.768009       22.73391    
        1253   2.685433       7.211552    
        1254   3.314679       10.98710    
        1255   4.727216       22.34657    
        1256   3.990411       15.92338    
        1257   3.849425       14.81807    
        1258   5.029035       25.29119    
        1259   6.200157       38.44194    
        1260   4.260715       18.15369    
        1261   4.534051       20.55762    
        1262   4.835405       23.38115    
        1263   5.243133       27.49045    
        1264   4.511252       20.35140    
        1265   4.593877       21.10371    
        1266   4.815536       23.18938    
        1267   4.399795       19.35819    
        1268   3.958479       15.66956    
        1269   5.090972       25.91800    
        1270   5.658052       32.01356    
        1271   3.233170       10.45339    
        1272   5.453416       29.73974    
        1273   3.703122       13.71311    
        1274   4.119499       16.97028    
        1275   3.765595       14.17971    
        1276   3.758972       14.12987    
        1277   2.879762       8.293030    
        1278   2.026577       4.107015    
        1279   4.872572       23.74196    
        1280   6.289433       39.55697    
        1281   3.154727       9.952301    
        1282   4.540489       20.61604    
        1283   2.982636       8.896116    
        1284   4.806330       23.10080    
        1285   4.287644       18.38390    
        1286   2.756496       7.598273    
        1287   4.768738       22.74086    
        1288   3.593313       12.91190    
        1289   5.003311       25.03312    
        1290   5.650716       31.93060    
        1291   2.419152       5.852298    
        1292   3.854915       14.86037    
        1293   4.605903       21.21435    
        1294   2.508306       6.291600    
        1295   3.915654       15.33235    
        1296   4.289835       18.40269    
        1297   3.607486       13.01395    
        1298   6.026073       36.31356    
        1299   2.643669       6.988984    
        1300   2.973372       8.840940    
        1301   4.295773       18.45367    
        1302   3.911261       15.29796    
        1303   5.687156       32.34375    
        1304   3.437476       11.81625    
        1305   3.175817       10.08581    
        1306   5.573371       31.06246    
        1307   4.516185       20.39593    
        1308   2.936504       8.623055    
        1309   3.132887       9.814981    
        1310   5.009005       25.09013    
        1311   2.418465       5.848972    
        1312   4.319863       18.66122    
        1313   4.661705       21.73150    
        1314   6.338325       40.17437    
        1315   4.019009       16.15243    
        1316   4.077403       16.62521    
        1317   1.802703       3.249738    
        1318   5.003699       25.03700    
        1319   5.560608       30.92037    
        1320   4.792193       22.96512    
        1321   5.795306       33.58557    
        1322   3.930315       15.44737    
        1323   4.946362       24.46649    
        1324   3.615662       13.07301    
        1325   2.681486       7.190365    
        1326   3.835220       14.70891    
        1327   1.897503       3.600520    
        1328   5.678405       32.24428    
        1329   5.309978       28.19587    
        1330   3.029622       9.178610    
        1331   5.641827       31.83021    
        1332   4.185219       17.51606    
        1333   5.132666       26.34426    
        1334   3.856245       14.87062    
        1335   5.531408       30.59648    
        1336   3.596200       12.93266    
        1337   5.182974       26.86322    
        1338   5.195019       26.98822    
        1339   2.383128       5.679299    
        1340   4.388772       19.26133    
        1341   4.743104       22.49703    
        1342   4.904077       24.04998    
        1343   6.103687       37.25499    
        1344   4.510518       20.34477    
        1345   3.107550       9.656869    
        1346   4.936872       24.37271    
        1347   4.873659       23.75256    
        1348   4.875602       23.77149    
        1349   3.196333       10.21655    
        1350   3.417329       11.67814    
        1351   4.932204       24.32664    
        1352   3.365109       11.32396    
        1353   5.457031       29.77918    
        1354   3.412254       11.64348    
        1355   3.766938       14.18982    
        1356   4.957800       24.57978    
        1357   5.338854       28.50336    
        1358   6.921481       47.90690    
        1359   5.839806       34.10333    
        1360   4.219361       17.80301    
        1361   3.445366       11.87055    
        1362   1.537042       2.362499    
        1363   4.532439       20.54301    
        1364   4.217988       17.79142    
        1365   3.665304       13.43445    
        1366   5.155396       26.57811    
        1367   3.202402       10.25538    
        1368   5.742120       32.97194    
        1369   3.616122       13.07634    
        1370   4.594025       21.10506    
        1371   5.153642       26.56003    
        1372   4.703309       22.12111    
        1373   4.678823       21.89139    
        1374   4.241220       17.98795    
        1375   4.138913       17.13060    
        1376   6.968390       48.55846    
        1377   4.327993       18.73153    
        1378   6.523455       42.55546    
        1379   5.114987       26.16309    
        1380   5.217016       27.21726    
        1381   6.420741       41.22591    
        1382   3.606474       13.00666    
        1383   5.090247       25.91061    
        1384   3.862516       14.91903    
        1385   2.348357       5.514779    
        1386   4.566142       20.84966    
        1387   6.168358       38.04864    
        1388   4.057704       16.46496    
        1389   4.706157       22.14791    
        1390   4.784799       22.89430    
        1391   3.939813       15.52213    
        1392   5.542362       30.71777    
        1393   3.579239       12.81095    
        1394   5.465880       29.87585    
        1395   4.898247       23.99283    
        1396   6.998383       48.97736    
        1397   5.729558       32.82784    
        1398   4.945234       24.45534    
        1399   5.328023       28.38783    
        1400   6.206280       38.51791    
        1401   2.610615       6.815310    
        1402   4.659054       21.70678    
        1403   5.006180       25.06184    
        1404   3.676457       13.51634    
        1405   5.852731       34.25446    
        1406   3.069770       9.423491    
        1407   6.289876       39.56254    
        1408   2.358596       5.562977    
        1409   3.138453       9.849885    
        1410   6.524494       42.56902    
        1411   3.566482       12.71980    
        1412   5.169833       26.72718    
        1413   4.046338       16.37285    
        1414   4.802979       23.06861    
        1415   6.456059       41.68069    
        1416   4.922603       24.23202    
        1417   2.208010       4.875309    
        1418   4.690517       22.00096    
        1419   3.704608       13.72412    
        1420   5.822822       33.90526    
        1421   4.385373       19.23150    
        1422   5.039623       25.39780    
        1423   4.521936       20.44790    
        1424   2.920496       8.529294    
        1425   3.797384       14.42013    
        1426   2.721512       7.406629    
        1427   3.568816       12.73645    
        1428   3.566980       12.72335    
        1429   5.615149       31.52991    
        1430   4.401102       19.36970    
        1431   4.243578       18.00796    
        1432   2.123055       4.507365    
        1433   4.275831       18.28273    
        1434   5.586915       31.21361    
        1435   5.803217       33.67733    
        1436   4.874709       23.76279    
        1437   5.447894       29.67955    
        1438   4.661606       21.73057    
        1439   4.646463       21.58962    
        1440   5.392403       29.07800    
        1441   4.234063       17.92728    
        1442   4.760093       22.65849    
        1443   4.035954       16.28892    
        1444   4.334202       18.78531    
        1445   4.550229       20.70458    
        1446   4.519031       20.42164    
        1447   5.020508       25.20550    
        1448   4.395899       19.32393    
        1449   4.863287       23.65156    
        1450   5.906417       34.88576    
        1451   2.227059       4.959792    
        1452   6.133969       37.62558    
        1453   4.487304       20.13590    
        1454   5.493873       30.18264    
        1455   4.292518       18.42571    
        1456   2.317900       5.372661    
        1457   4.050311       16.40502    
        1458   5.345422       28.57353    
        1459   4.972450       24.72525    
        1460   4.280849       18.32567    
        1461   5.135811       26.37655    
        1462   3.982524       15.86050    
        1463   3.821129       14.60103    
        1464   5.095402       25.96312    
        1465   2.556590       6.536155    
        1466   2.851257       8.129664    
        1467   3.253280       10.58383    
        1468   3.761851       14.15152    
        1469   2.402766       5.773285    
        1470   5.907254       34.89565    
        1471   4.390652       19.27782    
        1472   2.608704       6.805337    
        1473   3.412527       11.64534    
        1474   5.185865       26.89320    
        1475   4.117272       16.95193    
        1476   4.462924       19.91770    
        1477   3.107462       9.656321    
        1478   5.673682       32.19067    
        1479   4.636583       21.49790    
        1480   4.325000       18.70563    
        1481   2.657229       7.060866    
        1482   4.327695       18.72894    
        1483   4.275176       18.27712    
        1484   5.650616       31.92946    
        1485   3.877891       15.03804    
        1486   4.913121       24.13876    
        1487   3.965104       15.72205    
        1488   4.616760       21.31447    
        1489   4.640400       21.53332    
        1490   3.592927       12.90912    
        1491   2.976816       8.861437    
        1492   6.677916       44.59457    
        1493   4.653767       21.65755    
        1494   2.987744       8.926615    
        1495   4.354113       18.95830    
        1496   3.865150       14.93938    
        1497   4.611644       21.26726    
        1498   2.183841       4.769160    
        1499   4.223811       17.84058    
        1500   3.823317       14.61775    
