           1   4.530121       20.52200    
           2   5.539175       30.68246    
           3   4.520765       20.43731    
           4   4.864091       23.65938    
           5   5.028446       25.28527    
           6   3.770611       14.21750    
           7   3.826075       14.63885    
           8   3.935347       15.48696    
           9   5.416944       29.34328    
          10   3.641867       13.26320    
          11   3.329224       11.08374    
          12   4.912846       24.13605    
          13   4.838602       23.41207    
          14   4.716740       22.24764    
          15   5.810750       33.76482    
          16   4.042914       16.34515    
          17   4.793369       22.97639    
          18   5.754439       33.11357    
          19   5.109207       26.10399    
          20   4.961613       24.61761    
          21   4.344151       18.87164    
          22   6.052270       36.62998    
          23   4.969707       24.69798    
          24   5.490067       30.14084    
          25   3.062994       9.381936    
          26   5.149023       26.51244    
          27   3.720976       13.84566    
          28   3.379550       11.42136    
          29   5.700623       32.49710    
          30   5.237084       27.42705    
          31   5.594460       31.29799    
          32   3.480301       12.11249    
          33   4.530962       20.52962    
          34   2.241786       5.025604    
          35   4.030586       16.24562    
          36   2.874666       8.263706    
          37   2.996069       8.976431    
          38   5.513400       30.39758    
          39   5.866075       34.41083    
          40   4.009366       16.07502    
          41   5.576713       31.09972    
          42   3.767097       14.19102    
          43   5.572111       31.04842    
          44   3.897121       15.18755    
          45   5.688962       32.36430    
          46   4.262211       18.16644    
          47   6.552524       42.93557    
          48   3.568117       12.73146    
          49   3.013591       9.081731    
          50   4.818726       23.22011    
          51   3.897154       15.18781    
          52   3.913652       15.31667    
          53   5.732037       32.85625    
          54   5.249906       27.56152    
          55   4.093471       16.75650    
          56   4.869813       23.71508    
          57   2.790909       7.789172    
          58   1.498207       2.244625    
          59   4.259562       18.14387    
          60   3.698249       13.67705    
          61   5.446827       29.66792    
          62   5.064087       25.64498    
          63   6.061119       36.73716    
          64   3.603194       12.98301    
          65   2.775774       7.704921    
          66   5.354639       28.67216    
          67   4.644758       21.57378    
          68   3.824898       14.62984    
          69   3.542449       12.54895    
          70   4.602303       21.18119    
          71   4.586412       21.03518    
          72   4.337749       18.81606    
          73   4.268117       18.21683    
          74   3.110378       9.674449    
          75   5.894329       34.74311    
          76   3.773994       14.24303    
          77   2.900601       8.413487    
          78   4.557837       20.77387    
          79   3.312770       10.97444    
          80   3.442130       11.84826    
          81   3.911570       15.30038    
          82   5.594595       31.29950    
          83   3.018042       9.108575    
          84   4.772074       22.77269    
          85   5.946381       35.35944    
          86   4.140069       17.14017    
          87   5.186080       26.89542    
          88   3.566419       12.71935    
          89   3.950785       15.60870    
          90   4.074227       16.59932    
          91   4.892733       23.93884    
          92   4.880053       23.81491    
          93   3.786692       14.33904    
          94   2.837032       8.048749    
          95   5.048926       25.49166    
          96   7.704406       59.35788    
          97   5.053427       25.53712    
          98   4.601893       21.17742    
          99   3.524843       12.42452    
         100   4.037918       16.30478    
         101   4.831061       23.33915    
         102   4.607125       21.22560    
         103   6.080648       36.97428    
         104   3.446097       11.87559    
         105   5.389661       29.04844    
         106   3.397759       11.54477    
         107   5.782827       33.44109    
         108   3.307539       10.93981    
         109   5.786468       33.48321    
         110   5.201363       27.05418    
         111   4.181074       17.48137    
         112   3.983448       15.86785    
         113   3.472408       12.05761    
         114   4.644765       21.57384    
         115   3.976592       15.81329    
         116   3.999636       15.99709    
         117   3.605841       13.00209    
         118   2.550419       6.504635    
         119   4.201626       17.65366    
         120   4.007407       16.05931    
         121   4.454179       19.83971    
         122   3.628137       13.16338    
         123   6.324039       39.99348    
         124   3.903549       15.23770    
         125   3.442030       11.84757    
         126   3.472744       12.05995    
         127   2.650419       7.024719    
         128   3.543748       12.55815    
         129   3.996754       15.97404    
         130   5.012466       25.12482    
         131   3.125604       9.769400    
         132   4.980819       24.80856    
         133   2.325181       5.406466    
         134   2.785161       7.757119    
         135   4.445152       19.75937    
         136   6.990860       48.87214    
         137   4.151616       17.23591    
         138   5.383838       28.98571    
         139   3.399373       11.55573    
         140   5.427325       29.45585    
         141   3.661415       13.40596    
         142   3.759713       14.13545    
         143   4.785735       22.90326    
         144   5.947468       35.37238    
         145   4.229115       17.88542    
         146   5.046130       25.46343    
         147   4.205305       17.68460    
         148   4.055591       16.44782    
         149   4.369236       19.09022    
         150   4.695817       22.05069    
         151   3.825413       14.63379    
         152   6.112714       37.36528    
         153   4.500265       20.25238    
         154   5.844346       34.15638    
         155   5.339596       28.51129    
         156   5.830356       33.99305    
         157   4.343852       18.86905    
         158   3.427168       11.74548    
         159   6.287916       39.53789    
         160   6.233179       38.85252    
         161   3.386946       11.47140    
         162   3.437563       11.81684    
         163   3.487914       12.16554    
         164   3.124233       9.760831    
         165   4.576028       20.94004    
         166   2.256453       5.091580    
         167   3.521996       12.40445    
         168   4.317267       18.63880    
         169   2.440460       5.955846    
         170   5.130054       26.31746    
         171   5.921995       35.07003    
         172   3.334282       11.11744    
         173   6.435903       41.42085    
         174   5.358361       28.71204    
         175   3.508713       12.31107    
         176   4.199642       17.63699    
         177   3.080576       9.489951    
         178   4.200550       17.64462    
         179   4.352401       18.94339    
         180   3.737146       13.96626    
         181   4.050909       16.40986    
         182   5.801750       33.66030    
         183   4.994299       24.94303    
         184   5.239636       27.45379    
         185   4.656384       21.68191    
         186   4.733101       22.40225    
         187   3.930264       15.44697    
         188   2.226640       4.957928    
         189   5.743565       32.98854    
         190   6.029617       36.35628    
         191   5.549623       30.79832    
         192   3.523751       12.41683    
         193   3.558500       12.66292    
         194   3.796793       14.41564    
         195   2.733701       7.473121    
         196   3.530884       12.46714    
         197   4.782613       22.87339    
         198   4.888792       23.90029    
         199   4.934090       24.34524    
         200   4.388061       19.25508    
         201   4.565429       20.84314    
         202   4.903584       24.04513    
         203   1.744303       3.042594    
         204   3.311857       10.96840    
         205   3.249672       10.56037    
         206   4.700221       22.09207    
         207   2.230422       4.974783    
         208   4.518116       20.41337    
         209   4.574394       20.92508    
         210   5.428703       29.47082    
         211   4.359304       19.00353    
         212   4.591039       21.07764    
         213   4.622627       21.36868    
         214   5.404336       29.20685    
         215   3.595637       12.92860    
         216   4.386496       19.24135    
         217   6.012993       36.15609    
         218   5.456971       29.77854    
         219   2.788534       7.775924    
         220   4.419002       19.52757    
         221   4.891287       23.92469    
         222   4.082617       16.66776    
         223   4.625708       21.39717    
         224   4.735582       22.42574    
         225   5.571354       31.03999    
         226   5.692549       32.40511    
         227   6.094017       37.13704    
         228   3.539678       12.52932    
         229   4.819460       23.22720    
         230   4.383225       19.21266    
         231   3.398515       11.54990    
         232   4.222214       17.82709    
         233   3.398766       11.55161    
         234   3.892443       15.15112    
         235   2.305352       5.314647    
         236   3.369317       11.35230    
         237   4.833899       23.36658    
         238   3.504437       12.28108    
         239   3.158120       9.973721    
         240   4.302076       18.50786    
         241   3.642698       13.26925    
         242   3.398488       11.54972    
         243   5.225524       27.30611    
         244   5.308260       28.17763    
         245   5.492182       30.16406    
         246   4.399841       19.35860    
         247   4.061048       16.49211    
         248   5.165191       26.67920    
         249   3.880618       15.05919    
         250   5.165308       26.68041    
         251   3.303527       10.91329    
         252   4.503359       20.28025    
         253   5.087626       25.88393    
         254   4.190093       17.55688    
         255   2.192968       4.809110    
         256   4.465819       19.94354    
         257   4.265190       18.19184    
         258   4.455709       19.85335    
         259   2.503871       6.269372    
         260   3.237644       10.48234    
         261   6.498481       42.23026    
         262   4.841619       23.44128    
         263   3.911526       15.30003    
         264   3.479642       12.10791    
         265   5.394716       29.10296    
         266   2.780834       7.733039    
         267   5.059285       25.59636    
         268   4.709054       22.17519    
         269   6.790275       46.10783    
         270   5.272099       27.79503    
         271   2.704137       7.312356    
         272   4.344677       18.87622    
         273   4.191510       17.56875    
         274   5.540061       30.69227    
         275   5.155325       26.57738    
         276   5.974099       35.68985    
         277   4.119627       16.97132    
         278   4.095756       16.77521    
         279   3.778021       14.27344    
         280   4.262948       18.17273    
         281   3.194144       10.20256    
         282   3.897496       15.19047    
         283   5.778239       33.38804    
         284   5.024422       25.24482    
         285   5.233097       27.38530    
         286   3.517343       12.37170    
         287   5.100683       26.01696    
         288   3.262237       10.64219    
         289   4.839209       23.41794    
         290   3.663484       13.42112    
         291   3.130607       9.800703    
         292   3.461056       11.97891    
         293   3.182827       10.13039    
         294   4.144915       17.18032    
         295   4.704111       22.12866    
         296   2.561956       6.563620    
         297   3.896573       15.18328    
         298   3.213787       10.32843    
         299   5.233679       27.39139    
         300   5.155765       26.58191    
         301   4.739529       22.46313    
         302   5.860743       34.34831    
         303   4.984412       24.84437    
         304   2.162423       4.676073    
         305   5.790440       33.52919    
         306   3.813069       14.53949    
         307   4.791748       22.96085    
         308   5.183830       26.87210    
         309   5.541809       30.71164    
         310   3.687513       13.59775    
         311   3.242352       10.51285    
         312   6.425911       41.29234    
         313   2.637604       6.956956    
         314   4.320722       18.66864    
         315   5.449578       29.69790    
         316   2.871501       8.245520    
         317   3.594397       12.91969    
         318   3.365558       11.32698    
         319   6.059391       36.71621    
         320   5.529794       30.57862    
         321   5.264918       27.71936    
         322   4.756959       22.62866    
         323   4.180560       17.47708    
         324   4.617803       21.32411    
         325   2.860621       8.183156    
         326   4.325691       18.71160    
         327   5.489065       30.12984    
         328   4.605715       21.21261    
         329   2.219143       4.924594    
         330   3.415927       11.66856    
         331   4.212451       17.74474    
         332   5.472866       29.95226    
         333   2.427927       5.894828    
         334   4.875943       23.77482    
         335   2.169482       4.706651    
         336   2.554090       6.523378    
         337   3.279582       10.75566    
         338   3.693681       13.64328    
         339   5.886852       34.65503    
         340   3.745095       14.02574    
         341   5.378065       28.92359    
         342   2.268939       5.148081    
         343   2.498187       6.240939    
         344   4.368436       19.08323    
         345   4.675697       21.86214    
         346   3.876322       15.02587    
         347   4.751668       22.57835    
         348   4.097983       16.79347    
         349   3.220155       10.36940    
         350   3.189241       10.17126    
         351   4.699390       22.08427    
         352   3.844283       14.77852    
         353   2.220717       4.931583    
         354   5.540279       30.69469    
         355   3.591763       12.90076    
         356   5.648878       31.90982    
         357   2.138030       4.571171    
         358   6.085379       37.03183    
         359   3.983747       15.87024    
         360   5.299122       28.08069    
         361   4.718242       22.26181    
         362   4.740326       22.47069    
         363   6.001153       36.01385    
         364   2.906330       8.446753    
         365   4.305834       18.54020    
         366   5.669594       32.14429    
         367   3.515160       12.35635    
         368   2.775721       7.704628    
         369   4.954458       24.54666    
         370   3.235663       10.46951    
         371   4.914807       24.15533    
         372   3.534013       12.48925    
         373   4.469601       19.97733    
         374   4.085403       16.69052    
         375   5.196902       27.00779    
         376   4.788809       22.93269    
         377   3.855143       14.86213    
         378   2.372556       5.629024    
         379   3.597171       12.93964    
         380   2.714043       7.366030    
         381   4.152979       17.24723    
         382   4.451232       19.81347    
         383   3.044702       9.270211    
         384   5.989793       35.87762    
         385   3.602772       12.97997    
         386   4.576651       20.94573    
         387   6.060137       36.72526    
         388   4.346053       18.88817    
         389   5.460016       29.81177    
         390   3.852686       14.84319    
         391   4.484990       20.11514    
         392   3.095601       9.582747    
         393   5.233232       27.38671    
         394   4.868695       23.70419    
         395   5.028334       25.28414    
         396   1.652585       2.731038    
         397   4.149124       17.21523    
         398   6.062334       36.75188    
         399   4.295731       18.45330    
         400   1.709139       2.921158    
         401   3.907228       15.26643    
         402   4.281005       18.32701    
         403   4.897694       23.98740    
         404   6.500451       42.25586    
         405   5.231322       27.36673    
         406   3.012383       9.074450    
         407   4.165275       17.34951    
         408   5.557082       30.88116    
         409   5.720169       32.72033    
         410   3.475886       12.08178    
         411   3.640491       13.25318    
         412   1.974856       3.900058    
         413   4.193167       17.58265    
         414   4.166375       17.35868    
         415   4.748797       22.55107    
         416   6.250673       39.07092    
         417   3.520635       12.39487    
         418   2.616612       6.846656    
         419   4.931548       24.32017    
         420   4.425656       19.58643    
         421   3.648062       13.30835    
         422   5.080501       25.81149    
         423   5.839593       34.10085    
         424   5.647418       31.89334    
         425   5.062843       25.63238    
         426   4.263270       18.17547    
         427   2.988571       8.931556    
         428   5.100146       26.01149    
         429   5.254226       27.60689    
         430   4.154662       17.26121    
         431   5.019096       25.19133    
         432   5.573532       31.06426    
         433   4.687571       21.97332    
         434   5.644342       31.85860    
         435   6.363553       40.49481    
         436   4.463162       19.91982    
         437   4.656395       21.68202    
         438   6.218008       38.66362    
         439   5.245387       27.51409    
         440   3.969609       15.75780    
         441   3.808588       14.50534    
         442   5.116919       26.18286    
         443   4.905980       24.06864    
         444   3.777099       14.26648    
         445   4.044299       16.35635    
         446   3.887151       15.10995    
         447   6.415715       41.16140    
         448   4.823925       23.27025    
         449   3.677020       13.52048    
         450   4.485485       20.11957    
         451   3.170264       10.05058    
         452   4.268869       18.22324    
         453   6.566974       43.12514    
         454   2.344630       5.497291    
         455   3.023243       9.139996    
         456   2.964925       8.790778    
         457   4.477442       20.04749    
         458   4.134664       17.09544    
         459   3.937307       15.50238    
         460   5.805316       33.70170    
         461   3.753038       14.08529    
         462   6.701286       44.90723    
         463   3.589019       12.88105    
         464   6.438390       41.45287    
         465   5.994242       35.93094    
         466   3.344510       11.18575    
         467   4.049268       16.39657    
         468   5.687343       32.34587    
         469   3.628592       13.16668    
         470   3.207665       10.28911    
         471   3.703687       13.71730    
         472   3.220652       10.37260    
         473   5.068575       25.69046    
         474   4.171598       17.40223    
         475   3.918107       15.35157    
         476   4.920586       24.21216    
         477   4.945248       24.45548    
         478   5.945891       35.35363    
         479   4.454080       19.83883    
         480   4.479578       20.06662    
         481   2.830358       8.010927    
         482   5.498967       30.23863    
         483   5.124979       26.26541    
         484   4.540770       20.61859    
         485   3.492296       12.19613    
         486   2.591376       6.715230    
         487   5.894883       34.74965    
         488   5.020629       25.20672    
         489   3.282379       10.77401    
         490   4.668023       21.79044    
         491   5.621478       31.60102    
         492   4.911955       24.12730    
         493   5.155146       26.57553    
         494   4.458562       19.87878    
         495   5.189353       26.92938    
         496   2.616807       6.847675    
         497   5.869989       34.45677    
         498   4.449928       19.80186    
         499   3.741979       14.00241    
         500   4.776173       22.81182    
         501   3.528136       12.44775    
         502   2.207968       4.875125    
         503   4.872885       23.74501    
         504   4.001714       16.01371    
         505   5.727871       32.80851    
         506   1.648961       2.719073    
         507   4.842710       23.45185    
         508   4.447573       19.78091    
         509   6.471172       41.87607    
         510   5.931545       35.18323    
         511   4.317941       18.64461    
         512   4.683520       21.93536    
         513   3.251454       10.57196    
         514   4.310083       18.57682    
         515   4.461184       19.90216    
         516   3.475931       12.08210    
         517   5.600427       31.36479    
         518   5.037074       25.37211    
         519   1.991993       3.968038    
         520   3.570364       12.74750    
         521   2.784957       7.755988    
         522   4.755989       22.61943    
         523   5.063489       25.63892    
         524   5.381463       28.96015    
         525   3.080138       9.487250    
         526   5.659445       32.02932    
         527   6.035716       36.42986    
         528   5.314503       28.24394    
         529   5.864124       34.38794    
         530   4.650814       21.63007    
         531   4.764323       22.69877    
         532   2.790228       7.785370    
         533   3.355758       11.26111    
         534   3.569529       12.74154    
         535   3.615298       13.07038    
         536   3.453894       11.92938    
         537   3.989741       15.91803    
         538   5.032933       25.33042    
         539   5.852123       34.24735    
         540   4.194834       17.59664    
         541   3.943184       15.54870    
         542   5.503019       30.28322    
         543   3.330253       11.09058    
         544   5.148414       26.50617    
         545   3.103772       9.633403    
         546   5.736047       32.90224    
         547   3.623440       13.12932    
         548   3.998006       15.98405    
         549   7.367652       54.28231    
         550   5.300476       28.09505    
         551   5.981423       35.77742    
         552   3.903147       15.23456    
         553   5.613523       31.51163    
         554   6.219467       38.68177    
         555   1.830002       3.348909    
         556   2.983934       8.903862    
         557   5.073266       25.73803    
         558   4.392311       19.29239    
         559   4.770388       22.75660    
         560   5.051711       25.51978    
         561   5.285723       27.93887    
         562   5.358584       28.71443    
         563   3.935548       15.48854    
         564   5.309393       28.18966    
         565   6.067645       36.81631    
         566   5.206768       27.11043    
         567   5.600680       31.36762    
         568   5.819043       33.86127    
         569   3.734737       13.94826    
         570   4.614453       21.29317    
         571   3.163027       10.00474    
         572   4.220076       17.80904    
         573   5.477368       30.00156    
         574   5.269864       27.77147    
         575   3.961206       15.69116    
         576   2.299634       5.288319    
         577   4.347623       18.90183    
         578   4.056585       16.45588    
         579   3.510952       12.32679    
         580   4.197174       17.61627    
         581   2.561564       6.561613    
         582   3.160648       9.989697    
         583   4.321165       18.67247    
         584   4.810194       23.13796    
         585   2.919941       8.526056    
         586   4.656319       21.68131    
         587   5.929754       35.16198    
         588   6.476904       41.95029    
         589   4.005937       16.04753    
         590   3.839447       14.74135    
         591   4.277222       18.29463    
         592   5.349942       28.62187    
         593   4.869936       23.71628    
         594   3.378039       11.41115    
         595   2.780161       7.729297    
         596   1.846270       3.408714    
         597   3.450260       11.90430    
         598   3.293061       10.84425    
         599   6.104364       37.26326    
         600   2.185243       4.775288    
         601   3.104842       9.640041    
         602   2.466534       6.083789    
         603   4.786983       22.91521    
         604   4.984685       24.84709    
         605   3.848143       14.80820    
         606   4.443603       19.74560    
         607   4.896611       23.97680    
         608   5.919758       35.04353    
         609   4.908154       24.08998    
         610   5.016087       25.16113    
         611   4.879056       23.80519    
         612   4.639495       21.52492    
         613   2.197925       4.830873    
         614   4.564960       20.83886    
         615   5.485198       30.08740    
         616   3.298335       10.87901    
         617   5.119610       26.21041    
         618   5.201918       27.05995    
         619   5.126946       26.28558    
         620   4.704396       22.13135    
         621   4.429767       19.62283    
         622   3.813522       14.54295    
         623   5.938315       35.26359    
         624   3.574787       12.77910    
         625   3.154137       9.948581    
         626   4.915651       24.16362    
         627   3.251818       10.57432    
         628   5.683183       32.29857    
         629   4.536386       20.57880    
         630   4.441955       19.73096    
         631   1.498081       2.244248    
         632   3.075065       9.456026    
         633   4.648184       21.60561    
         634   4.526473       20.48896    
         635   4.578769       20.96512    
         636   2.337913       5.465839    
         637   2.820848       7.957182    
         638   4.095514       16.77324    
         639   4.163513       17.33484    
         640   6.263763       39.23473    
         641   3.882596       15.07456    
         642   3.991200       15.92968    
         643   5.233788       27.39253    
         644   4.629626       21.43344    
         645   5.714878       32.65982    
         646   3.694052       13.64602    
         647   2.412441       5.819869    
         648   5.173969       26.76996    
         649   4.407376       19.42496    
         650   5.120445       26.21896    
         651   6.239707       38.93395    
         652   4.077674       16.62743    
         653   3.555199       12.63944    
         654   5.000979       25.00980    
         655   5.833757       34.03272    
         656   5.842747       34.13769    
         657   5.540612       30.69839    
         658   2.414465       5.829642    
         659   4.616655       21.31351    
         660   4.739972       22.46733    
         661   3.464814       12.00494    
         662   5.462201       29.83564    
         663   4.342165       18.85440    
         664   4.045950       16.36971    
         665   1.408299       1.983305    
         666   3.047221       9.285554    
         667   3.810541       14.52023    
         668   6.539466       42.76463    
         669   3.388686       11.48319    
         670   3.698840       13.68142    
         671   3.564465       12.70541    
         672   4.526184       20.48634    
         673   5.060625       25.60992    
         674   3.984564       15.87675    
         675   5.554094       30.84797    
         676   4.726428       22.33912    
         677   4.853516       23.55662    
         678   4.333307       18.77755    
         679   5.248353       27.54522    
         680   4.417257       19.51216    
         681   4.194458       17.59348    
         682   5.236920       27.42533    
         683   4.783731       22.88408    
         684   2.511871       6.309499    
         685   3.490142       12.18109    
         686   2.024985       4.100564    
         687   6.119275       37.44552    
         688   4.772222       22.77410    
         689   5.696756       32.45303    
         690   3.209700       10.30218    
         691   5.636634       31.77164    
         692   2.515713       6.328814    
         693   5.601550       31.37736    
         694   4.867671       23.69422    
         695   2.312687       5.348523    
         696   5.056571       25.56891    
         697   3.480400       12.11319    
         698   3.712770       13.78466    
         699   4.143929       17.17215    
         700   3.895068       15.17155    
         701   4.260644       18.15309    
         702   4.883030       23.84399    
         703   5.974158       35.69057    
         704   4.832569       23.35372    
         705   6.080870       36.97697    
         706   5.039766       25.39924    
         707   4.871427       23.73080    
         708   2.733335       7.471119    
         709   2.272457       5.164061    
         710   3.790271       14.36615    
         711   5.417037       29.34430    
         712   5.559001       30.90250    
         713   2.667368       7.114854    
         714   4.945304       24.45604    
         715   5.511774       30.37965    
         716   2.907618       8.454245    
         717   3.622346       13.12139    
         718   3.210650       10.30828    
         719   6.370557       40.58400    
         720   2.135773       4.561528    
         721   4.583755       21.01081    
         722   5.264369       27.71358    
         723   3.126285       9.773659    
         724   5.548278       30.78338    
         725   6.124399       37.50826    
         726   2.637881       6.958416    
         727   3.926831       15.42001    
         728   4.869622       23.71322    
         729   4.040344       16.32438    
         730   5.293824       28.02457    
         731   4.723504       22.31149    
         732   3.817337       14.57206    
         733   3.113229       9.692193    
         734   5.866035       34.41037    
         735   6.377630       40.67416    
         736   3.132556       9.812907    
         737   5.792465       33.55265    
         738   3.997771       15.98217    
         739   2.803915       7.861936    
         740   5.016785       25.16813    
         741   4.326056       18.71476    
         742   3.072785       9.442009    
         743   3.401571       11.57069    
         744   4.629426       21.43159    
         745   4.219451       17.80377    
         746   5.198733       27.02683    
         747   5.661114       32.04822    
         748   3.119866       9.733563    
         749   5.538720       30.67742    
         750   5.334342       28.45520    
         751   3.986323       15.89077    
         752   3.794041       14.39475    
         753   3.756396       14.11051    
         754   3.708193       13.75070    
         755   4.304692       18.53038    
         756   6.063937       36.77134    
         757   3.977475       15.82031    
         758   4.383066       19.21127    
         759   6.453526       41.64800    
         760   4.206662       17.69600    
         761   4.873262       23.74869    
         762   4.164196       17.34052    
         763   6.077259       36.93308    
         764   2.179949       4.752179    
         765   5.192153       26.95845    
         766   4.269739       18.23067    
         767   4.508187       20.32375    
         768   5.210540       27.14973    
         769   3.248761       10.55445    
         770   2.701814       7.299799    
         771   7.136305       50.92685    
         772   6.267223       39.27808    
         773   2.897090       8.393132    
         774   5.098873       25.99851    
         775   3.319963       11.02216    
         776   5.441257       29.60728    
         777   4.988554       24.88567    
         778   4.096448       16.78089    
         779   5.498889       30.23779    
         780   3.696323       13.66281    
         781   1.795323       3.223186    
         782   4.437224       19.68896    
         783   2.202425       4.850673    
         784   3.428584       11.75519    
         785   5.868915       34.44416    
         786   5.724419       32.76897    
         787   4.477554       20.04850    
         788   3.773622       14.24022    
         789   4.126967       17.03186    
         790   4.755970       22.61925    
         791   6.289730       39.56070    
         792   3.641659       13.26168    
         793   4.694064       22.03424    
         794   3.389059       11.48572    
         795   2.237000       5.004171    
         796   5.257314       27.63935    
         797   4.804831       23.08640    
         798   5.272971       27.80423    
         799   3.428032       11.75140    
         800   3.449482       11.89893    
         801   3.259590       10.62493    
         802   5.435815       29.54809    
         803   5.546500       30.76366    
         804   3.953177       15.62761    
         805   4.408493       19.43481    
         806   5.550328       30.80614    
         807   3.994633       15.95709    
         808   3.333417       11.11167    
         809   5.803409       33.67956    
         810   4.838470       23.41080    
         811   4.963274       24.63409    
         812   4.320803       18.66934    
         813   5.191084       26.94735    
         814   6.065050       36.78483    
         815   4.427152       19.59967    
         816   4.591194       21.07906    
         817   5.502684       30.27953    
         818   4.079250       16.64028    
         819   3.898120       15.19534    
         820   5.126668       26.28272    
         821   3.977635       15.82158    
         822   2.068432       4.278410    
         823   4.043325       16.34848    
         824   5.596426       31.31998    
         825   5.551198       30.81580    
         826   5.702678       32.52053    
         827   6.249878       39.06098    
         828   2.925734       8.559921    
         829   6.591495       43.44780    
         830   2.421992       5.866047    
         831   4.045545       16.36644    
         832   5.573856       31.06787    
         833   2.592707       6.722132    
         834   5.202388       27.06484    
         835   3.938985       15.51561    
         836   3.224665       10.39847    
         837   2.952789       8.718963    
         838   5.163984       26.66673    
         839   5.838904       34.09280    
         840   4.857769       23.59792    
         841   4.668694       21.79671    
         842   5.511984       30.38197    
         843   5.027723       25.27800    
         844   4.948317       24.48584    
         845   3.752545       14.08159    
         846   4.720071       22.27906    
         847   4.741398       22.48085    
         848   3.625564       13.14471    
         849   5.571675       31.04357    
         850   4.158846       17.29600    
         851   3.768277       14.19991    
         852   3.978834       15.83112    
         853   5.828683       33.97355    
         854   5.332530       28.43587    
         855   3.547348       12.58368    
         856   3.816591       14.56637    
         857   3.325633       11.05983    
         858   5.319656       28.29874    
         859   4.176660       17.44449    
         860   5.064288       25.64701    
         861   3.186479       10.15365    
         862   4.789105       22.93553    
         863   3.535961       12.50302    
         864   6.597325       43.52470    
         865   3.547214       12.58273    
         866   3.847532       14.80350    
         867   3.946732       15.57669    
         868   4.434554       19.66527    
         869   5.122342       26.23839    
         870   3.854622       14.85812    
         871   5.442892       29.62507    
         872   5.248204       27.54365    
         873   3.928997       15.43701    
         874   6.063907       36.77097    
         875   4.094390       16.76403    
         876   3.553940       12.63049    
         877   3.943852       15.55397    
         878   4.020802       16.16685    
         879   5.311010       28.20683    
         880   3.699463       13.68602    
         881   4.075014       16.60574    
         882   5.926025       35.11777    
         883   5.637347       31.77968    
         884   4.089756       16.72610    
         885   3.819045       14.58511    
         886   5.883300       34.61322    
         887   3.889169       15.12564    
         888   3.483927       12.13774    
         889   4.373054       19.12360    
         890   2.087305       4.356841    
         891   4.017931       16.14377    
         892   3.029816       9.179789    
         893   4.935479       24.35895    
         894   5.561156       30.92646    
         895   3.128018       9.784498    
         896   3.230983       10.43925    
         897   3.927940       15.42871    
         898   5.591435       31.26415    
         899   3.917181       15.34431    
         900   5.993886       35.92667    
         901   1.984706       3.939059    
         902   3.462754       11.99067    
         903   3.839743       14.74362    
         904   4.040770       16.32782    
         905   4.023537       16.18885    
         906   2.296795       5.275266    
         907   4.414546       19.48822    
         908   3.098163       9.598618    
         909   1.638203       2.683709    
         910   3.430848       11.77072    
         911   4.692240       22.01712    
         912   5.026783       25.26855    
         913   4.478693       20.05869    
         914   2.537518       6.438997    
         915   6.108164       37.30967    
         916   5.543166       30.72669    
         917   4.430249       19.62711    
         918   4.520078       20.43110    
         919   2.518228       6.341474    
         920   4.525115       20.47667    
         921   4.183498       17.50166    
         922   2.858140       8.168963    
         923   3.676211       13.51453    
         924   4.290053       18.40455    
         925   4.541542       20.62560    
         926   5.618579       31.56843    
         927   3.285127       10.79206    
         928   6.973961       48.63613    
         929   2.838952       8.059651    
         930   3.272690       10.71050    
         931   3.567033       12.72372    
         932   4.546079       20.66683    
         933   5.319893       28.30127    
         934   3.652511       13.34083    
         935   4.033347       16.26789    
         936   6.425425       41.28609    
         937   3.588321       12.87605    
         938   4.241883       17.99357    
         939   4.772282       22.77467    
         940   4.544095       20.64880    
         941   3.423644       11.72134    
         942   6.329811       40.06650    
         943   4.286806       18.37670    
         944   4.445609       19.76344    
         945   4.938490       24.38869    
         946   6.362498       40.48138    
         947   4.801109       23.05065    
         948   1.615773       2.610724    
         949   4.067307       16.54299    
         950   4.844642       23.47056    
         951   3.664268       13.42686    
         952   5.040526       25.40691    
         953   4.474531       20.02143    
         954   4.004766       16.03815    
         955   4.013821       16.11076    
         956   4.207950       17.70684    
         957   3.911880       15.30280    
         958   3.556847       12.65116    
         959   3.978930       15.83189    
         960   4.191275       17.56678    
         961   4.723120       22.30787    
         962   3.088721       9.540195    
         963   3.743916       14.01691    
         964   5.213726       27.18294    
         965   4.719199       22.27084    
         966   3.868733       14.96709    
         967   5.313416       28.23239    
         968   3.133215       9.817040    
         969   4.079878       16.64540    
         970   3.573638       12.77089    
         971   4.434394       19.66385    
         972   3.626300       13.15005    
         973   2.934738       8.612685    
         974   4.141518       17.15217    
         975   3.965851       15.72797    
         976   5.785764       33.47507    
         977   5.419754       29.37373    
         978   5.403378       29.19649    
         979   4.927616       24.28140    
         980   6.611569       43.71285    
         981   2.933834       8.607381    
         982   3.787867       14.34794    
         983   3.382641       11.44226    
         984   3.771787       14.22638    
         985   3.583101       12.83861    
         986   5.251935       27.58283    
         987   3.401598       11.57087    
         988   3.695436       13.65625    
         989   4.320117       18.66341    
         990   3.333607       11.11294    
         991   3.448374       11.89128    
         992   2.651815       7.032121    
         993   4.825143       23.28201    
         994   5.966989       35.60495    
         995   3.932508       15.46462    
         996   4.671229       21.82038    
         997   5.498357       30.23193    
         998   3.076490       9.464791    
         999   6.070998       36.85702    
        1000   4.243898       18.01067    
        1001   4.200342       17.64288    
        1002   3.922905       15.38919    
        1003   2.119717       4.493199    
        1004   4.403097       19.38726    
        1005   5.705492       32.55264    
        1006   4.955715       24.55911    
        1007   2.924341       8.551773    
        1008   5.241496       27.47328    
        1009   4.443295       19.74286    
        1010   3.931632       15.45773    
        1011   3.679459       13.53842    
        1012   3.939439       15.51918    
        1013   3.840256       14.74757    
        1014   5.781628       33.42723    
        1015   4.343311       18.86435    
        1016   5.252554       27.58933    
        1017   6.281018       39.45118    
        1018   4.382586       19.20707    
        1019   4.016459       16.13195    
        1020   4.430677       19.63090    
        1021   3.932875       15.46751    
        1022   3.636993       13.22772    
        1023   3.372767       11.37556    
        1024   4.357872       18.99104    
        1025   3.748911       14.05433    
        1026   2.923032       8.544115    
        1027   4.738613       22.45445    
        1028   3.603438       12.98477    
        1029   2.859549       8.177019    
        1030   2.050490       4.204510    
        1031   4.066079       16.53300    
        1032   2.475142       6.126331    
        1033   3.439748       11.83187    
        1034   4.753111       22.59207    
        1035   4.315837       18.62645    
        1036   5.007827       25.07833    
        1037   4.326514       18.71873    
        1038   2.999192       8.995151    
        1039   3.699036       13.68287    
        1040   5.868341       34.43743    
        1041   4.531409       20.53366    
        1042   3.822629       14.61250    
        1043   3.949121       15.59556    
        1044   3.513649       12.34573    
        1045   4.009805       16.07854    
        1046   3.740536       13.99161    
        1047   3.092818       9.565524    
        1048   5.680113       32.26368    
        1049   5.558733       30.89951    
        1050   4.551628       20.71732    
        1051   3.994380       15.95507    
        1052   4.460379       19.89498    
        1053   3.909416       15.28353    
        1054   3.145293       9.892866    
        1055   3.899330       15.20478    
        1056   3.099108       9.604474    
        1057   3.381059       11.43156    
        1058   2.568978       6.599647    
        1059   3.697568       13.67201    
        1060   4.501238       20.26115    
        1061   3.221937       10.38088    
        1062   5.429348       29.47781    
        1063   7.755820       60.15274    
        1064   4.120134       16.97551    
        1065   4.695735       22.04993    
        1066   5.788187       33.50311    
        1067   6.002194       36.02633    
        1068   3.163425       10.00726    
        1069   4.838377       23.40989    
        1070   4.531342       20.53306    
        1071   4.492118       20.17912    
        1072   3.869199       14.97070    
        1073   4.834767       23.37497    
        1074   4.230144       17.89411    
        1075   3.632747       13.19685    
        1076   2.697843       7.278357    
        1077   5.035292       25.35417    
        1078   3.988916       15.91145    
        1079   3.191977       10.18872    
        1080   3.910388       15.29114    
        1081   3.628124       13.16328    
        1082   3.969838       15.75962    
        1083   3.424584       11.72777    
        1084   2.873463       8.256788    
        1085   3.470517       12.04449    
        1086   4.666221       21.77361    
        1087   5.857869       34.31462    
        1088   4.516261       20.39661    
        1089   3.808720       14.50635    
        1090   2.061161       4.248383    
        1091   5.549519       30.79716    
        1092   4.805398       23.09184    
        1093   3.959884       15.68068    
        1094   3.128854       9.789724    
        1095   4.397293       19.33618    
        1096   5.712822       32.63634    
        1097   4.694438       22.03775    
        1098   3.632823       13.19740    
        1099   2.596373       6.741153    
        1100   4.161451       17.31767    
        1101   4.989849       24.89859    
        1102   5.387476       29.02490    
        1103   5.162091       26.64718    
        1104   4.667134       21.78214    
        1105   3.468681       12.03175    
        1106   3.033795       9.203916    
        1107   4.472799       20.00593    
        1108   5.003783       25.03784    
        1109   3.969253       15.75497    
        1110   2.161174       4.670675    
        1111   4.005361       16.04291    
        1112   3.734024       13.94293    
        1113   5.010129       25.10140    
        1114   2.387995       5.702518    
        1115   4.478094       20.05332    
        1116   5.312683       28.22461    
        1117   4.208930       17.71510    
        1118   4.733070       22.40195    
        1119   4.368458       19.08342    
        1120   5.140845       26.42828    
        1121   3.761355       14.14779    
        1122   4.035030       16.28147    
        1123   4.401433       19.37261    
        1124   3.476011       12.08265    
        1125   5.860630       34.34698    
        1126   3.974809       15.79911    
        1127   6.448208       41.57939    
        1128   4.572077       20.90389    
        1129   5.562940       30.94630    
        1130   4.878569       23.80044    
        1131   4.887864       23.89122    
        1132   4.900457       24.01448    
        1133   3.615096       13.06892    
        1134   2.931271       8.592351    
        1135   6.253044       39.10056    
        1136   1.960513       3.843611    
        1137   3.566525       12.72010    
        1138   2.521375       6.357332    
        1139   4.051781       16.41693    
        1140   2.737612       7.494520    
        1141   3.233760       10.45720    
        1142   5.570570       31.03125    
        1143   3.761421       14.14829    
        1144   3.817581       14.57393    
        1145   4.862381       23.64275    
        1146   5.367080       28.80555    
        1147   4.230999       17.90135    
        1148   4.083552       16.67540    
        1149   2.617700       6.852354    
        1150   5.303494       28.12705    
        1151   3.602947       12.98123    
        1152   4.170250       17.39099    
        1153   5.074450       25.75004    
        1154   4.895553       23.96644    
        1155   5.347607       28.59690    
        1156   4.909144       24.09970    
        1157   4.834096       23.36848    
        1158   3.560037       12.67387    
        1159   4.970118       24.70207    
        1160   3.230296       10.43481    
        1161   3.116166       9.710490    
        1162   3.150970       9.928612    
        1163   4.374819       19.13905    
        1164   3.935405       15.48742    
        1165   5.578705       31.12195    
        1166   3.648049       13.30826    
        1167   4.171036       17.39754    
        1168   4.933008       24.33456    
        1169   5.007408       25.07413    
        1170   2.718841       7.392095    
        1171   2.189488       4.793856    
        1172   3.752416       14.08063    
        1173   3.857982       14.88402    
        1174   5.054049       25.54342    
        1175   3.756039       14.10783    
        1176   4.420249       19.53860    
        1177   3.228158       10.42100    
        1178   4.994594       24.94596    
        1179   4.175549       17.43521    
        1180   4.726963       22.34418    
        1181   3.963806       15.71176    
        1182   6.412929       41.12565    
        1183   4.000681       16.00546    
        1184   4.172838       17.41258    
        1185   3.022288       9.134228    
        1186   5.497036       30.21741    
        1187   4.393453       19.30243    
        1188   4.003395       16.02717    
        1189   4.486995       20.13312    
        1190   5.549220       30.79384    
        1191   3.056555       9.342528    
        1192   4.124944       17.01517    
        1193   3.248736       10.55429    
        1194   3.010490       9.063051    
        1195   6.480343       41.99485    
        1196   3.997948       15.98359    
        1197   4.349883       18.92148    
        1198   6.384070       40.75636    
        1199   2.625221       6.891788    
        1200   5.067765       25.68224    
        1201   4.524220       20.46857    
        1202   4.669537       21.80457    
        1203   3.929990       15.44482    
        1204   3.244114       10.52428    
        1205   3.477428       12.09251    
        1206   4.635064       21.48382    
        1207   3.134271       9.823657    
        1208   3.253662       10.58632    
        1209   3.126292       9.773702    
        1210   6.395766       40.90582    
        1211   2.367704       5.606024    
        1212   4.502656       20.27391    
        1213   3.939491       15.51959    
        1214   2.559756       6.552351    
        1215   2.395700       5.739381    
        1216   4.722287       22.30000    
        1217   4.953110       24.53330    
        1218   5.516034       30.42662    
        1219   4.477183       20.04517    
        1220   4.170104       17.38977    
        1221   3.649309       13.31746    
        1222   3.429960       11.76463    
        1223   3.709808       13.76268    
        1224   4.698956       22.08019    
        1225   2.371010       5.621686    
        1226   4.519704       20.42773    
        1227   2.727156       7.437378    
        1228   4.060839       16.49041    
        1229   4.333086       18.77564    
        1230   3.840583       14.75008    
        1231   5.615100       31.52935    
        1232   4.817641       23.20967    
        1233   3.106118       9.647972    
        1234   4.832457       23.35264    
        1235   5.397809       29.13634    
        1236   3.710428       13.76728    
        1237   3.809495       14.51226    
        1238   5.871346       34.47271    
        1239   3.113441       9.693517    
        1240   4.467885       19.96199    
        1241   5.450690       29.71003    
        1242   5.330214       28.41118    
        1243   5.113591       26.14881    
        1244   5.722484       32.74682    
        1245   4.176662       17.44451    
        1246   5.858519       34.32224    
        1247   3.272507       10.70930    
        1248   3.129853       9.795981    
        1249   5.912524       34.95793    
        1250   3.473212       12.06321    
        1251   4.840775       23.43311    
        1252   3.081926       9.498265    
        1253   3.658819       13.38696    
        1254   4.767542       22.72946    
        1255   4.370068       19.09749    
        1256   3.251078       10.56951    
        1257   4.318560       18.64996    
        1258   3.798680       14.42997    
        1259   4.685893       21.95759    
        1260   4.011102       16.08894    
        1261   5.504525       30.29979    
        1262   2.827500       7.994757    
        1263   4.528342       20.50588    
        1264   3.965109       15.72209    
        1265   6.435241       41.41233    
        1266   3.393911       11.51863    
        1267   5.016389       25.16417    
        1268   5.454022       29.74636    
        1269   3.626285       13.14994    
        1270   4.383008       19.21077    
        1271   4.098967       16.80153    
        1272   4.787025       22.91561    
        1273   6.710387       45.02930    
        1274   4.141107       17.14876    
        1275   5.553141       30.83737    
        1276   3.694860       13.65199    
        1277   5.808517       33.73886    
        1278   4.774212       22.79311    
        1279   6.702622       44.92515    
        1280   4.096702       16.78297    
        1281   2.693785       7.256478    
        1282   5.922344       35.07416    
        1283   3.892544       15.15190    
        1284   2.394966       5.735863    
        1285   5.628129       31.67583    
        1286   2.193591       4.811844    
        1287   2.495994       6.229987    
        1288   3.445791       11.87348    
        1289   3.541599       12.54292    
        1290   3.977386       15.81960    
        1291   5.510166       30.36193    
        1292   6.137226       37.66554    
        1293   4.319013       18.65387    
        1294   4.740898       22.47611    
        1295   6.707159       44.98598    
        1296   3.922015       15.38221    
        1297   5.585469       31.19747    
        1298   4.080481       16.65032    
        1299   5.236247       27.41828    
        1300   4.603249       21.18990    
        1301   3.889409       15.12750    
        1302   3.954744       15.64000    
        1303   3.380973       11.43098    
        1304   4.512969       20.36689    
        1305   4.905604       24.06495    
        1306   5.394664       29.10240    
        1307   4.375949       19.14893    
        1308   4.954422       24.54630    
        1309   2.550099       6.503006    
        1310   3.869121       14.97010    
        1311   5.660258       32.03852    
        1312   4.210120       17.72511    
        1313   3.993795       15.95040    
        1314   4.176367       17.44204    
        1315   5.765733       33.24368    
        1316   5.180227       26.83476    
        1317   4.193988       17.58953    
        1318   4.246737       18.03477    
        1319   3.508245       12.30778    
        1320   2.837505       8.051436    
        1321   4.056001       16.45114    
        1322   5.458686       29.79726    
        1323   3.358685       11.28077    
        1324   4.113545       16.92126    
        1325   3.070379       9.427228    
        1326   4.031556       16.25344    
        1327   1.528524       2.336386    
        1328   6.479367       41.98220    
        1329   3.854560       14.85763    
        1330   3.898871       15.20120    
        1331   3.848050       14.80749    
        1332   3.828424       14.65683    
        1333   6.632205       43.98615    
        1334   5.279891       27.87726    
        1335   3.510894       12.32638    
        1336   2.974286       8.846375    
        1337   4.402304       19.38028    
        1338   5.001227       25.01227    
        1339   3.940576       15.52814    
        1340   4.272662       18.25564    
        1341   1.697014       2.879857    
        1342   4.267900       18.21497    
        1343   5.874014       34.50405    
        1344   5.965625       35.58868    
        1345   4.024919       16.19997    
        1346   5.919474       35.04018    
        1347   3.808401       14.50392    
        1348   6.090755       37.09729    
        1349   3.327204       11.07029    
        1350   4.889990       23.91201    
        1351   4.299255       18.48359    
        1352   3.497441       12.23209    
        1353   4.919497       24.20145    
        1354   5.727540       32.80471    
        1355   3.579103       12.80998    
        1356   4.577001       20.94893    
        1357   4.515979       20.39407    
        1358   6.111901       37.35534    
        1359   4.498202       20.23382    
        1360   5.600792       31.36887    
        1361   2.909584       8.465680    
        1362   4.065910       16.53162    
        1363   4.561293       20.80540    
        1364   5.281602       27.89532    
        1365   4.026044       16.20903    
        1366   4.244001       18.01155    
        1367   4.939477       24.39843    
        1368   4.397022       19.33381    
        1369   6.176125       38.14452    
        1370   4.141784       17.15438    
        1371   3.531859       12.47403    
        1372   4.991836       24.91842    
        1373   4.581126       20.98672    
        1374   4.930414       24.30899    
        1375   3.443182       11.85550    
        1376   3.990072       15.92068    
        1377   3.845897       14.79092    
        1378   5.094787       25.95685    
        1379   6.204055       38.49030    
        1380   4.820817       23.24027    
        1381   3.733068       13.93580    
        1382   3.814935       14.55373    
        1383   3.909539       15.28450    
        1384   4.831992       23.34815    
        1385   4.301038       18.49893    
        1386   5.365606       28.78972    
        1387   2.776241       7.707511    
        1388   4.899135       24.00152    
        1389   5.111766       26.13015    
        1390   3.798851       14.43127    
        1391   2.932764       8.601103    
        1392   2.688075       7.225747    
        1393   4.757498       22.63379    
        1394   5.051458       25.51723    
        1395   3.904391       15.24427    
        1396   4.941975       24.42312    
        1397   3.119531       9.731477    
        1398   3.767805       14.19635    
        1399   5.448012       29.68084    
        1400   4.398414       19.34604    
        1401   4.572636       20.90900    
        1402   4.596817       21.13073    
        1403   6.823085       46.55450    
        1404   3.622402       13.12179    
        1405   5.610350       31.47602    
        1406   4.299018       18.48155    
        1407   5.493217       30.17542    
        1408   3.748361       14.05021    
        1409   4.957065       24.57249    
        1410   2.853672       8.143442    
        1411   4.485833       20.12270    
        1412   5.445436       29.65277    
        1413   4.880243       23.81678    
        1414   4.512014       20.35827    
        1415   3.392992       11.51240    
        1416   4.682565       21.92641    
        1417   5.021198       25.21243    
        1418   5.051506       25.51771    
        1419   4.876108       23.77643    
        1420   4.542630       20.63549    
        1421   5.123641       26.25170    
        1422   5.635562       31.75956    
        1423   3.676401       13.51592    
        1424   4.388440       19.25840    
        1425   4.663658       21.74970    
        1426   3.602327       12.97676    
        1427   2.848058       8.111434    
        1428   4.436442       19.68202    
        1429   6.307755       39.78777    
        1430   2.686272       7.216056    
        1431   1.687379       2.847247    
        1432   3.209401       10.30026    
        1433   5.238244       27.43920    
        1434   6.069515       36.83902    
        1435   3.844482       14.78005    
        1436   2.174641       4.729064    
        1437   3.195639       10.21211    
        1438   2.623172       6.881033    
        1439   4.337380       18.81286    
        1440   4.316320       18.63062    
        1441   6.382045       40.73050    
        1442   5.908981       34.91606    
        1443   3.907519       15.26870    
        1444   5.077094       25.77689    
        1445   6.081361       36.98296    
        1446   4.800303       23.04291    
        1447   2.610733       6.815927    
        1448   3.356903       11.26880    
        1449   7.338178       53.84887    
        1450   4.065388       16.52738    
        1451   4.233284       17.92069    
        1452   2.583436       6.674140    
        1453   7.044939       49.63116    
        1454   4.849025       23.51304    
        1455   6.417858       41.18891    
        1456   4.725548       22.33080    
        1457   5.687300       32.34538    
        1458   3.008679       9.052153    
        1459   5.892744       34.72443    
        1460   3.483668       12.13594    
        1461   6.231389       38.83021    
        1462   4.786560       22.91116    
        1463   7.011384       49.15950    
        1464   3.136705       9.838918    
        1465   4.053609       16.43175    
        1466   5.524556       30.52072    
        1467   4.086565       16.70001    
        1468   2.577930       6.645726    
        1469   4.936653       24.37055    
        1470   2.617557       6.851602    
        1471   5.854833       34.27907    
        1472   4.795014       22.99216    
        1473   3.899570       15.20665    
        1474   5.231767       27.37139    
        1475   4.690608       22.00180    
        1476   4.581157       20.98700    
        1477   3.679258       13.53694    
        1478   2.743355       7.525997    
        1479   5.597885       31.33631    
        1480   4.336967       18.80928    
        1481   2.680118       7.183035    
        1482   4.947345       24.47623    
        1483   6.857226       47.02155    
        1484   3.826193       14.63975    
        1485   2.959271       8.757286    
        1486   4.338771       18.82493    
        1487   4.275130       18.27674    
        1488   5.487021       30.10740    
        1489   2.123844       4.510714    
        1490   3.063743       9.386523    
        1491   5.551748       30.82191    
        1492   3.717080       13.81668    
        1493   3.863352       14.92549    
        1494   4.163202       17.33225    
        1495   6.449162       41.59169    
        1496   3.022155       9.133424    
        1497   3.711727       13.77692    
        1498   4.495080       20.20575    
        1499   3.614132       13.06195    
        1500   3.964901       15.72044    
