           1   5.858143       34.31784    
           2   4.996286       24.96288    
           3   5.669274       32.14067    
           4   6.068774       36.83002    
           5   4.415626       19.49776    
           6   2.809427       7.892883    
           7   5.405612       29.22064    
           8   3.719795       13.83688    
           9   2.231025       4.977473    
          10   4.675105       21.85661    
          11   3.243769       10.52204    
          12   3.677012       13.52042    
          13   5.319197       28.29386    
          14   3.735426       13.95341    
          15   2.496817       6.234096    
          16   5.017017       25.17046    
          17   4.410017       19.44825    
          18   3.707068       13.74236    
          19   5.302866       28.12039    
          20   7.119801       50.69157    
          21   4.308026       18.55909    
          22   6.109046       37.32045    
          23   4.325006       18.70568    
          24   3.228056       10.42034    
          25   3.624023       13.13355    
          26   4.388550       19.25937    
          27   4.724953       22.32518    
          28   4.731448       22.38660    
          29   2.947594       8.688313    
          30   4.384164       19.22090    
          31   4.898514       23.99544    
          32   3.149297       9.918069    
          33   5.481137       30.04286    
          34   6.652645       44.25769    
          35   3.941112       15.53237    
          36   4.742219       22.48865    
          37   3.190644       10.18021    
          38   6.210703       38.57283    
          39   4.416356       19.50420    
          40   3.486502       12.15570    
          41   5.863119       34.37617    
          42   4.455146       19.84833    
          43   2.792032       7.795442    
          44   3.974379       15.79569    
          45   4.113932       16.92443    
          46   4.920373       24.21007    
          47   3.564578       12.70622    
          48   4.242705       18.00055    
          49   3.763914       14.16705    
          50   6.019358       36.23267    
          51   3.429228       11.75960    
          52   3.334857       11.12127    
          53   4.393368       19.30168    
          54   4.363431       19.03953    
          55   5.666359       32.10763    
          56   4.365280       19.05566    
          57   4.271962       18.24966    
          58   5.551233       30.81618    
          59   6.706274       44.97410    
          60   6.901376       47.62899    
          61   4.240369       17.98073    
          62   4.643542       21.56248    
          63   4.042549       16.34220    
          64   2.942770       8.659898    
          65   4.018919       16.15171    
          66   1.989333       3.957447    
          67   4.542481       20.63414    
          68   4.316252       18.63003    
          69   4.639292       21.52304    
          70   4.055787       16.44941    
          71   1.723087       2.969030    
          72   4.408935       19.43870    
          73   3.920601       15.37111    
          74   4.618548       21.33099    
          75   2.627199       6.902174    
          76   6.980581       48.72850    
          77   3.859904       14.89886    
          78   5.711438       32.62053    
          79   5.245384       27.51405    
          80   1.910030       3.648216    
          81   5.964791       35.57874    
          82   4.560757       20.80050    
          83   5.377852       28.92129    
          84   2.480230       6.151539    
          85   5.123891       26.25426    
          86   2.772265       7.685452    
          87   4.882413       23.83796    
          88   5.820292       33.87579    
          89   3.228499       10.42320    
          90   3.798439       14.42814    
          91   5.460775       29.82007    
          92   2.760346       7.619511    
          93   4.447216       19.77773    
          94   4.029026       16.23305    
          95   4.289814       18.40251    
          96   2.861925       8.190618    
          97   6.267159       39.27728    
          98   5.819778       33.86981    
          99   3.194582       10.20535    
         100   5.175848       26.78941    
         101   4.164357       17.34187    
         102   5.222732       27.27693    
         103   4.711537       22.19858    
         104   5.060898       25.61269    
         105   4.938823       24.39197    
         106   3.762223       14.15433    
         107   4.280733       18.32467    
         108   5.326993       28.37685    
         109   4.319427       18.65745    
         110   4.530284       20.52347    
         111   4.484390       20.10975    
         112   5.577053       31.10351    
         113   3.238608       10.48858    
         114   4.470357       19.98410    
         115   4.172065       17.40612    
         116   3.674975       13.50544    
         117   4.427618       19.60380    
         118   3.007668       9.046069    
         119   3.050239       9.303960    
         120   4.433297       19.65412    
         121   5.554949       30.85746    
         122   5.974426       35.69377    
         123   2.584162       6.677895    
         124   3.100131       9.610812    
         125   3.992456       15.93970    
         126   5.462828       29.84248    
         127   4.155426       17.26756    
         128   4.730185       22.37465    
         129   4.347810       18.90346    
         130   3.505302       12.28714    
         131   4.311859       18.59212    
         132   3.530358       12.46343    
         133   3.842518       14.76495    
         134   2.743240       7.525367    
         135   4.528945       20.51134    
         136   4.552055       20.72120    
         137   4.916397       24.17096    
         138   2.008804       4.035295    
         139   3.295844       10.86259    
         140   4.474991       20.02555    
         141   5.392248       29.07634    
         142   4.279898       18.31752    
         143   5.476401       29.99097    
         144   2.665362       7.104156    
         145   5.374798       28.88846    
         146   3.445388       11.87070    
         147   3.872514       14.99637    
         148   4.290195       18.40577    
         149   3.874405       15.01102    
         150   5.419197       29.36769    
         151   3.374055       11.38425    
         152   3.981763       15.85444    
         153   5.371139       28.84913    
         154   3.461415       11.98139    
         155   3.789851       14.36297    
         156   3.572022       12.75934    
         157   5.550418       30.80715    
         158   3.159643       9.983343    
         159   7.352742       54.06281    
         160   4.402674       19.38354    
         161   5.237836       27.43493    
         162   3.395921       11.53228    
         163   4.455674       19.85303    
         164   3.532942       12.48168    
         165   5.435922       29.54925    
         166   3.016370       9.098490    
         167   4.237471       17.95616    
         168   4.194830       17.59660    
         169   5.377989       28.92277    
         170   5.238717       27.44416    
         171   3.214175       10.33092    
         172   2.945900       8.678329    
         173   3.389244       11.48697    
         174   4.768917       22.74257    
         175   5.139090       26.41025    
         176   4.181021       17.48094    
         177   5.482742       30.06046    
         178   4.418153       19.52008    
         179   3.997132       15.97706    
         180   3.596672       12.93605    
         181   4.212566       17.74571    
         182   5.331109       28.42072    
         183   2.829820       8.007880    
         184   5.038602       25.38751    
         185   2.078484       4.320096    
         186   4.373038       19.12346    
         187   3.786208       14.33537    
         188   2.571372       6.611956    
         189   3.511235       12.32877    
         190   6.444480       41.53132    
         191   5.086458       25.87206    
         192   3.588807       12.87953    
         193   4.459391       19.88617    
         194   3.102544       9.625781    
         195   4.237813       17.95906    
         196   4.946679       24.46964    
         197   5.072370       25.72894    
         198   3.799550       14.43658    
         199   3.782840       14.30988    
         200   4.269352       18.22737    
         201   4.244445       18.01531    
         202   5.265611       27.72665    
         203   5.864441       34.39167    
         204   2.368573       5.610137    
         205   2.899615       8.407766    
         206   2.902022       8.421735    
         207   5.511108       30.37231    
         208   4.160796       17.31222    
         209   5.565887       30.97911    
         210   3.924787       15.40396    
         211   2.929139       8.579858    
         212   3.648139       13.30892    
         213   4.429062       19.61659    
         214   4.729778       22.37080    
         215   3.724440       13.87145    
         216   3.938557       15.51223    
         217   6.045792       36.55159    
         218   5.344760       28.56647    
         219   3.685004       13.57925    
         220   3.441900       11.84668    
         221   2.758379       7.608652    
         222   2.822662       7.967421    
         223   6.120575       37.46144    
         224   6.569481       43.15808    
         225   4.759606       22.65385    
         226   5.112267       26.13528    
         227   6.863978       47.11420    
         228   3.453595       11.92732    
         229   5.089285       25.90082    
         230   5.705534       32.55311    
         231   3.936959       15.49964    
         232   2.679294       7.178616    
         233   5.310144       28.19763    
         234   4.255079       18.10570    
         235   5.429146       29.47563    
         236   4.459169       19.88419    
         237   3.587455       12.86983    
         238   6.105393       37.27582    
         239   2.831835       8.019288    
         240   5.660120       32.03696    
         241   3.629643       13.17431    
         242   4.868197       23.69934    
         243   5.212190       27.16693    
         244   4.411528       19.46157    
         245   4.067907       16.54787    
         246   3.641604       13.26128    
         247   2.759373       7.614141    
         248   4.362664       19.03283    
         249   5.575329       31.08429    
         250   5.393171       29.08630    
         251   6.233355       38.85471    
         252   3.616873       13.08177    
         253   6.171963       38.09313    
         254   2.596035       6.739399    
         255   4.220368       17.81151    
         256   4.920006       24.20646    
         257   4.841654       23.44161    
         258   2.100707       4.412969    
         259   4.985650       24.85670    
         260   4.252522       18.08394    
         261   5.047577       25.47803    
         262   3.705080       13.72762    
         263   3.618997       13.09714    
         264   4.363468       19.03985    
         265   2.357550       5.558043    
         266   5.021062       25.21107    
         267   6.013756       36.16527    
         268   6.378691       40.68771    
         269   4.126768       17.03022    
         270   2.910162       8.469045    
         271   4.412589       19.47094    
         272   3.894702       15.16870    
         273   3.598845       12.95168    
         274   5.438966       29.58236    
         275   3.721354       13.84848    
         276   5.079736       25.80372    
         277   2.500966       6.254832    
         278   5.576554       31.09795    
         279   3.803643       14.46770    
         280   5.269123       27.76365    
         281   2.345837       5.502954    
         282   3.774737       14.24864    
         283   2.130356       4.538415    
         284   2.799118       7.835060    
         285   3.527243       12.44144    
         286   5.104263       26.05350    
         287   6.195198       38.38047    
         288   1.930442       3.726608    
         289   4.647093       21.59547    
         290   4.360647       19.01524    
         291   3.601429       12.97029    
         292   2.637599       6.956926    
         293   5.523415       30.50811    
         294   3.784579       14.32304    
         295   4.974572       24.74637    
         296   5.032104       25.32207    
         297   4.682948       21.93001    
         298   5.199175       27.03142    
         299   2.605869       6.790554    
         300   4.530777       20.52794    
         301   3.262259       10.64233    
         302   5.406670       29.23208    
         303   6.196902       38.40159    
         304   4.584015       21.01319    
         305   3.271111       10.70017    
         306   5.309169       28.18727    
         307   5.235933       27.41500    
         308   3.375730       11.39555    
         309   6.488727       42.10358    
         310   3.855579       14.86549    
         311   4.314693       18.61658    
         312   4.680625       21.90825    
         313   4.745286       22.51773    
         314   4.756795       22.62710    
         315   6.832681       46.68553    
         316   4.540798       20.61885    
         317   4.983083       24.83111    
         318   5.125654       26.27232    
         319   5.094036       25.94921    
         320   4.366643       19.06757    
         321   2.069389       4.282369    
         322   6.804419       46.30011    
         323   4.898748       23.99773    
         324   3.834393       14.70257    
         325   1.967879       3.872549    
         326   2.893056       8.369775    
         327   3.913581       15.31612    
         328   4.508492       20.32650    
         329   5.381112       28.95637    
         330   3.312764       10.97441    
         331   5.010046       25.10056    
         332   4.064334       16.51881    
         333   2.395005       5.736051    
         334   4.645352       21.57929    
         335   3.919194       15.36008    
         336   6.227466       38.78133    
         337   4.301066       18.49917    
         338   4.392020       19.28984    
         339   3.479012       12.10353    
         340   3.465260       12.00802    
         341   2.579010       6.651293    
         342   4.169808       17.38730    
         343   6.110138       37.33379    
         344   3.710157       13.76526    
         345   3.478470       12.09975    
         346   2.809003       7.890498    
         347   3.069599       9.422439    
         348   6.445014       41.53821    
         349   4.492647       20.18388    
         350   4.156431       17.27592    
         351   3.771035       14.22071    
         352   4.729949       22.37242    
         353   4.028683       16.23029    
         354   4.357062       18.98399    
         355   2.494055       6.220310    
         356   3.572483       12.76264    
         357   4.015092       16.12096    
         358   5.392246       29.07631    
         359   5.039195       25.39349    
         360   4.404533       19.39992    
         361   6.017078       36.20523    
         362   3.930482       15.44869    
         363   4.459237       19.88479    
         364   4.820323       23.23552    
         365   4.729314       22.36642    
         366   2.668511       7.120950    
         367   5.846346       34.17977    
         368   4.358892       18.99994    
         369   4.153887       17.25478    
         370   4.949228       24.49486    
         371   3.608848       13.02378    
         372   2.887991       8.340492    
         373   6.233876       38.86121    
         374   2.209605       4.882354    
         375   3.156374       9.962699    
         376   5.162003       26.64627    
         377   3.510065       12.32055    
         378   6.572854       43.20241    
         379   4.976091       24.76149    
         380   3.775827       14.25687    
         381   4.446854       19.77451    
         382   5.130198       26.31894    
         383   3.987929       15.90358    
         384   5.183838       26.87218    
         385   4.533770       20.55507    
         386   4.571051       20.89451    
         387   3.303957       10.91613    
         388   4.527297       20.49641    
         389   4.907662       24.08515    
         390   3.049108       9.297057    
         391   2.513516       6.317763    
         392   3.834134       14.70058    
         393   4.812913       23.16413    
         394   5.356971       28.69714    
         395   4.874693       23.76264    
         396   3.545519       12.57070    
         397   3.875148       15.01677    
         398   6.379382       40.69651    
         399   4.644440       21.57083    
         400   4.376946       19.15765    
         401   2.337351       5.463209    
         402   4.528282       20.50534    
         403   1.778824       3.164214    
         404   4.127776       17.03853    
         405   4.297800       18.47108    
         406   4.400403       19.36355    
         407   4.147652       17.20301    
         408   5.822314       33.89934    
         409   4.565227       20.84129    
         410   1.840104       3.385984    
         411   4.260257       18.14979    
         412   4.946494       24.46781    
         413   4.448856       19.79232    
         414   5.261927       27.68788    
         415   5.667396       32.11938    
         416   4.759624       22.65402    
         417   2.587820       6.696809    
         418   3.331433       11.09845    
         419   3.566136       12.71733    
         420   4.791443       22.95792    
         421   3.876726       15.02901    
         422   4.049624       16.39945    
         423   5.760775       33.18652    
         424   3.523240       12.41322    
         425   4.377625       19.16360    
         426   3.544497       12.56346    
         427   3.778100       14.27404    
         428   5.150451       26.52714    
         429   2.665410       7.104408    
         430   5.243331       27.49252    
         431   3.593748       12.91502    
         432   4.114275       16.92726    
         433   6.295692       39.63574    
         434   3.642139       13.26518    
         435   3.676915       13.51971    
         436   4.848429       23.50726    
         437   2.316530       5.366313    
         438   3.054920       9.332538    
         439   4.494150       20.19738    
         440   4.285939       18.36927    
         441   4.751969       22.58121    
         442   4.896042       23.97122    
         443   2.695181       7.263999    
         444   4.663876       21.75173    
         445   5.055558       25.55867    
         446   4.075837       16.61245    
         447   3.311782       10.96790    
         448   4.183429       17.50108    
         449   3.908990       15.28020    
         450   4.729220       22.36553    
         451   3.606448       13.00647    
         452   6.005755       36.06910    
         453   4.490999       20.16908    
         454   4.357878       18.99110    
         455   3.380764       11.42956    
         456   4.423291       19.56550    
         457   5.384434       28.99213    
         458   3.224816       10.39944    
         459   4.415146       19.49352    
         460   5.003206       25.03207    
         461   4.057611       16.46421    
         462   4.930005       24.30495    
         463   5.651042       31.93427    
         464   5.649850       31.92081    
         465   4.737546       22.44435    
         466   3.794324       14.39690    
         467   4.750802       22.57012    
         468   4.671926       21.82689    
         469   4.073863       16.59636    
         470   5.957163       35.48779    
         471   4.689941       21.99555    
         472   5.597486       31.33185    
         473   5.270947       27.78288    
         474   4.294672       18.44421    
         475   6.387912       40.80542    
         476   3.680428       13.54555    
         477   5.167562       26.70370    
         478   5.543664       30.73222    
         479   3.188964       10.16949    
         480   3.026983       9.162625    
         481   5.777532       33.37987    
         482   4.549212       20.69533    
         483   5.524996       30.52558    
         484   3.724881       13.87474    
         485   5.627056       31.66375    
         486   4.034200       16.27477    
         487   3.300432       10.89285    
         488   6.037767       36.45464    
         489   4.081782       16.66095    
         490   2.934652       8.612182    
         491   2.524837       6.374805    
         492   5.173002       26.75995    
         493   4.175958       17.43863    
         494   5.105212       26.06319    
         495   2.670623       7.132225    
         496   4.517850       20.41097    
         497   3.735607       13.95476    
         498   3.199518       10.23691    
         499   5.756487       33.13714    
         500   4.760395       22.66136    
         501   3.714045       13.79413    
         502   5.057886       25.58221    
         503   5.801408       33.65634    
         504   5.885749       34.64204    
         505   6.423741       41.26445    
         506   3.720490       13.84205    
         507   4.280455       18.32230    
         508   2.806620       7.877117    
         509   6.016406       36.19714    
         510   5.538456       30.67449    
         511   5.468955       29.90947    
         512   1.589432       2.526294    
         513   6.045391       36.54676    
         514   4.397344       19.33664    
         515   4.003271       16.02618    
         516   4.321373       18.67426    
         517   6.315140       39.88099    
         518   2.489533       6.197777    
         519   5.388796       29.03912    
         520   2.684294       7.205433    
         521   2.528073       6.391155    
         522   3.721523       13.84973    
         523   5.302190       28.11322    
         524   3.772715       14.23338    
         525   4.328075       18.73223    
         526   4.809075       23.12720    
         527   5.376495       28.90671    
         528   5.873649       34.49976    
         529   4.017506       16.14035    
         530   4.993523       24.93527    
         531   3.457184       11.95212    
         532   6.077196       36.93231    
         533   5.709526       32.59869    
         534   5.895893       34.76155    
         535   4.556793       20.76436    
         536   4.974142       24.74209    
         537   3.016376       9.098521    
         538   3.329256       11.08394    
         539   4.790019       22.94428    
         540   6.571733       43.18768    
         541   4.203621       17.67043    
         542   4.975623       24.75682    
         543   5.926746       35.12632    
         544   2.860313       8.181389    
         545   3.398718       11.55128    
         546   5.562151       30.93753    
         547   3.750000       14.06250    
         548   5.189287       26.92869    
         549   3.655891       13.36554    
         550   4.218368       17.79463    
         551   3.520336       12.39277    
         552   5.321125       28.31437    
         553   2.822730       7.967802    
         554   3.939390       15.51879    
         555   3.967703       15.74267    
         556   4.522528       20.45326    
         557   2.951680       8.712414    
         558   5.704714       32.54377    
         559   4.162352       17.32518    
         560   3.999015       15.99212    
         561   5.257732       27.64374    
         562   1.143743       1.308148    
         563   4.647279       21.59721    
         564   3.762380       14.15550    
         565   3.846192       14.79320    
         566   4.540949       20.62022    
         567   3.529458       12.45708    
         568   4.667913       21.78941    
         569   4.981271       24.81306    
         570   5.624761       31.63794    
         571   4.612542       21.27554    
         572   4.944213       24.44524    
         573   5.080904       25.81558    
         574   4.484594       20.11159    
         575   3.951169       15.61174    
         576   4.992869       24.92874    
         577   4.123807       17.00578    
         578   4.904544       24.05456    
         579   3.910610       15.29287    
         580   5.601111       31.37245    
         581   5.577437       31.10781    
         582   5.323505       28.33971    
         583   5.286943       27.95177    
         584   2.257735       5.097368    
         585   4.382254       19.20415    
         586   3.439133       11.82763    
         587   4.560875       20.80158    
         588   5.443922       29.63628    
         589   3.849071       14.81535    
         590   4.161895       17.32137    
         591   3.932080       15.46125    
         592   3.971898       15.77598    
         593   2.224730       4.949423    
         594   4.349000       18.91380    
         595   5.024583       25.24643    
         596   1.956686       3.828619    
         597   5.056806       25.57129    
         598   5.438277       29.57486    
         599   5.786899       33.48820    
         600   1.639322       2.687377    
         601   5.087985       25.88759    
         602   5.083905       25.84609    
         603   6.174352       38.12262    
         604   4.187431       17.53458    
         605   2.968009       8.809074    
         606   3.917755       15.34880    
         607   2.841932       8.076578    
         608   4.305643       18.53856    
         609   6.144760       37.75808    
         610   3.581104       12.82430    
         611   5.684167       32.30976    
         612   4.256177       18.11504    
         613   3.383289       11.44664    
         614   6.123142       37.49287    
         615   5.466788       29.88577    
         616   4.054150       16.43613    
         617   4.449781       19.80055    
         618   3.659806       13.39418    
         619   4.768085       22.73463    
         620   4.800731       23.04702    
         621   3.301153       10.89761    
         622   4.975164       24.75226    
         623   4.237697       17.95808    
         624   2.326622       5.413172    
         625   4.566948       20.85701    
         626   4.202906       17.66442    
         627   5.522501       30.49801    
         628   4.238035       17.96094    
         629   4.051454       16.41428    
         630   4.129522       17.05295    
         631   4.757521       22.63401    
         632   3.553964       12.63066    
         633   2.927320       8.569203    
         634   3.358387       11.27877    
         635   3.613081       13.05436    
         636   3.686867       13.59299    
         637   4.971491       24.71573    
         638   1.898895       3.605802    
         639   4.940296       24.40652    
         640   5.157807       26.60297    
         641   5.500494       30.25543    
         642   5.079788       25.80425    
         643   4.270035       18.23320    
         644   3.674316       13.50060    
         645   5.701939       32.51211    
         646   1.321658       1.746779    
         647   3.879496       15.05049    
         648   5.287606       27.95878    
         649   3.903274       15.23555    
         650   2.332264       5.439457    
         651   6.236221       38.89046    
         652   4.884753       23.86081    
         653   5.247553       27.53682    
         654   5.842086       34.12996    
         655   4.812137       23.15666    
         656   5.605413       31.42066    
         657   4.011475       16.09193    
         658   1.990688       3.962839    
         659   4.404509       19.39970    
         660   5.777905       33.38419    
         661   3.739153       13.98127    
         662   4.706811       22.15408    
         663   3.713299       13.78859    
         664   3.294385       10.85298    
         665   3.994917       15.95936    
         666   3.162743       10.00294    
         667   3.879550       15.05091    
         668   3.533262       12.48394    
         669   6.142511       37.73045    
         670   5.169166       26.72028    
         671   4.592083       21.08722    
         672   2.919789       8.525169    
         673   6.276562       39.39523    
         674   4.297550       18.46894    
         675   3.616631       13.08002    
         676   4.382554       19.20678    
         677   5.423117       29.41019    
         678   4.467903       19.96215    
         679   4.623358       21.37544    
         680   4.079825       16.64497    
         681   4.375620       19.14605    
         682   6.972809       48.62008    
         683   2.849606       8.120252    
         684   6.779697       45.96429    
         685   5.231376       27.36729    
         686   4.354972       18.96578    
         687   7.255391       52.64069    
         688   3.994875       15.95902    
         689   5.082222       25.82898    
         690   3.881841       15.06869    
         691   4.298315       18.47551    
         692   5.320341       28.30603    
         693   4.494184       20.19769    
         694   2.228125       4.964540    
         695   5.423715       29.41668    
         696   4.451163       19.81285    
         697   3.841101       14.75406    
         698   6.130344       37.58112    
         699   3.411449       11.63799    
         700   2.529489       6.398313    
         701   5.035001       25.35124    
         702   5.164703       26.67416    
         703   5.159819       26.62373    
         704   1.765292       3.116256    
         705   2.733867       7.474031    
         706   5.296706       28.05509    
         707   2.254119       5.081053    
         708   3.813975       14.54641    
         709   6.052722       36.63545    
         710   3.294476       10.85357    
         711   5.771602       33.31139    
         712   6.346012       40.27186    
         713   3.745762       14.03073    
         714   4.998490       24.98491    
         715   2.441862       5.962688    
         716   4.087807       16.71017    
         717   4.305301       18.53562    
         718   4.390099       19.27297    
         719   5.552056       30.82533    
         720   3.016637       9.100097    
         721   3.759983       14.13748    
         722   6.596945       43.51969    
         723   4.032323       16.25963    
         724   3.674572       13.50248    
         725   5.041441       25.41613    
         726   4.260723       18.15376    
         727   5.513298       30.39645    
         728   3.841482       14.75698    
         729   4.099025       16.80200    
         730   4.709881       22.18298    
         731   6.084867       37.02561    
         732   4.292424       18.42490    
         733   4.005795       16.04640    
         734   4.102882       16.83364    
         735   5.470653       29.92804    
         736   5.615695       31.53602    
         737   3.162399       10.00077    
         738   5.324280       28.34796    
         739   3.220371       10.37079    
         740   4.179528       17.46846    
         741   4.406203       19.41463    
         742   3.222827       10.38661    
         743   3.662604       13.41467    
         744   4.937230       24.37624    
         745   4.774240       22.79337    
         746   4.059530       16.47978    
         747   5.077345       25.77944    
         748   4.827974       23.30933    
         749   3.668721       13.45951    
         750   4.246018       18.02867    
         751   4.509330       20.33406    
         752   4.177070       17.44791    
         753   2.781783       7.738315    
         754   4.276734       18.29046    
         755   4.102466       16.83023    
         756   4.386569       19.24199    
         757   5.667272       32.11797    
         758   3.267118       10.67406    
         759   3.232261       10.44751    
         760   4.417444       19.51381    
         761   6.250393       39.06742    
         762   4.854134       23.56262    
         763   4.572963       20.91199    
         764   5.944671       35.33911    
         765   3.706053       13.73483    
         766   4.326271       18.71662    
         767   4.155939       17.27183    
         768   5.596843       31.32465    
         769   5.242919       27.48820    
         770   6.242697       38.97127    
         771   1.909324       3.645517    
         772   5.266852       27.73974    
         773   4.579817       20.97472    
         774   5.552593       30.83129    
         775   4.085278       16.68950    
         776   5.358925       28.71808    
         777   2.978811       8.873315    
         778   6.044442       36.53528    
         779   4.510083       20.34085    
         780   2.908979       8.462161    
         781   3.818349       14.57979    
         782   3.999236       15.99389    
         783   5.957432       35.49100    
         784   4.635440       21.48730    
         785   3.414547       11.65913    
         786   4.266089       18.19951    
         787   5.606514       31.43300    
         788   2.419587       5.854399    
         789   4.816763       23.20120    
         790   3.281017       10.76507    
         791   3.885158       15.09445    
         792   6.588422       43.40730    
         793   2.594103       6.729370    
         794   5.003707       25.03708    
         795   3.169347       10.04476    
         796   2.422341       5.867737    
         797   2.223885       4.945663    
         798   3.973445       15.78827    
         799   5.178039       26.81208    
         800   4.857212       23.59251    
         801   4.850197       23.52442    
         802   1.296695       1.681417    
         803   3.974352       15.79548    
         804   3.903630       15.23832    
         805   4.238470       17.96462    
         806   4.149443       17.21787    
         807   4.535724       20.57280    
         808   6.345408       40.26421    
         809   4.172707       17.41149    
         810   4.378639       19.17248    
         811   4.395688       19.32207    
         812   4.131255       17.06727    
         813   3.431667       11.77634    
         814   5.491588       30.15754    
         815   3.846254       14.79367    
         816   4.193184       17.58279    
         817   3.618111       13.09073    
         818   4.997598       24.97598    
         819   6.042824       36.51572    
         820   3.737893       13.97185    
         821   3.500108       12.25076    
         822   3.724501       13.87190    
         823   2.475875       6.129957    
         824   4.854063       23.56193    
         825   2.785918       7.761338    
         826   2.241265       5.023268    
         827   4.251448       18.07481    
         828   1.377034       1.896222    
         829   2.728007       7.442023    
         830   4.225827       17.85761    
         831   4.533726       20.55467    
         832   4.459766       19.88952    
         833   4.124689       17.01305    
         834   3.817043       14.56982    
         835   5.161248       26.63848    
         836   3.831053       14.67697    
         837   3.944388       15.55819    
         838   5.725240       32.77837    
         839   4.519633       20.42708    
         840   5.392324       29.07717    
         841   5.411369       29.28292    
         842   3.341021       11.16242    
         843   3.763899       14.16693    
         844   3.600828       12.96596    
         845   3.267438       10.67615    
         846   5.188642       26.92200    
         847   4.097201       16.78706    
         848   4.461358       19.90371    
         849   2.590439       6.710374    
         850   5.647021       31.88885    
         851   4.098292       16.79600    
         852   2.509757       6.298879    
         853   3.338419       11.14505    
         854   5.028948       25.29032    
         855   4.152271       17.24135    
         856   5.227231       27.32394    
         857   3.589346       12.88340    
         858   5.980925       35.77146    
         859   3.518900       12.38266    
         860   3.221563       10.37847    
         861   3.199411       10.23623    
         862   5.504753       30.30231    
         863   4.242921       18.00238    
         864   3.014629       9.087985    
         865   5.136041       26.37892    
         866   4.595115       21.11508    
         867   5.034582       25.34702    
         868   3.863887       14.92962    
         869   4.001240       16.00992    
         870   4.482614       20.09383    
         871   4.759131       22.64933    
         872   4.403182       19.38801    
         873   4.349780       18.92059    
         874   4.084998       16.68721    
         875   3.720571       13.84265    
         876   2.992810       8.956912    
         877   3.637157       13.22891    
         878   2.955003       8.732045    
         879   4.327917       18.73087    
         880   3.888684       15.12187    
         881   4.585368       21.02560    
         882   5.501454       30.26600    
         883   4.218752       17.79787    
         884   4.050012       16.40260    
         885   5.578500       31.11967    
         886   5.152490       26.54815    
         887   5.317426       28.27502    
         888   4.033167       16.26644    
         889   4.817960       23.21274    
         890   2.068444       4.278461    
         891   5.566610       30.98714    
         892   3.260456       10.63057    
         893   3.766468       14.18628    
         894   3.761574       14.14944    
         895   4.850135       23.52381    
         896   3.450525       11.90612    
         897   5.972445       35.67009    
         898   4.626437       21.40392    
         899   4.488901       20.15023    
         900   6.118735       37.43892    
         901   6.274863       39.37391    
         902   3.532977       12.48193    
         903   3.804607       14.47503    
         904   4.457833       19.87228    
         905   2.421644       5.864363    
         906   4.821831       23.25005    
         907   5.669925       32.14805    
         908   3.444436       11.86414    
         909   4.208489       17.71139    
         910   5.323988       28.34485    
         911   3.909381       15.28326    
         912   4.596226       21.12529    
         913   6.785227       46.03931    
         914   3.573039       12.76661    
         915   5.353107       28.65575    
         916   6.014088       36.16926    
         917   2.410297       5.809532    
         918   3.800507       14.44386    
         919   3.545477       12.57041    
         920   3.801155       14.44878    
         921   4.954101       24.54312    
         922   3.809971       14.51588    
         923   4.207134       17.69998    
         924   4.484535       20.11105    
         925   3.035399       9.213650    
         926   2.868691       8.229387    
         927   3.748896       14.05422    
         928   4.571294       20.89673    
         929   4.140105       17.14047    
         930   4.320928       18.67042    
         931   4.262321       18.16738    
         932   4.374496       19.13621    
         933   5.510330       30.36374    
         934   3.567002       12.72351    
         935   6.451104       41.61674    
         936   3.936015       15.49221    
         937   3.303993       10.91637    
         938   3.972851       15.78354    
         939   3.395345       11.52837    
         940   5.128006       26.29644    
         941   5.742807       32.97984    
         942   3.510961       12.32685    
         943   5.766933       33.25752    
         944   3.050069       9.302920    
         945   6.054557       36.65765    
         946   4.770163       22.75445    
         947   5.888435       34.67367    
         948   2.928698       8.577271    
         949   6.948775       48.28548    
         950   3.944984       15.56290    
         951   4.101405       16.82152    
         952   3.303558       10.91350    
         953   5.118062       26.19456    
         954   2.335643       5.455228    
         955   4.645227       21.57813    
         956   3.531409       12.47085    
         957   4.913488       24.14236    
         958   4.800526       23.04505    
         959   4.954384       24.54592    
         960   5.097952       25.98912    
         961   4.369973       19.09667    
         962   6.374017       40.62809    
         963   4.178943       17.46357    
         964   3.256422       10.60429    
         965   4.901043       24.02022    
         966   2.257646       5.096966    
         967   5.649138       31.91277    
         968   3.330501       11.09224    
         969   3.259701       10.62565    
         970   1.661944       2.762058    
         971   5.099844       26.00841    
         972   4.187967       17.53907    
         973   3.541485       12.54212    
         974   3.545253       12.56882    
         975   4.490969       20.16880    
         976   3.058389       9.353744    
         977   2.347122       5.508982    
         978   2.589648       6.706280    
         979   3.876938       15.03064    
         980   3.569270       12.73969    
         981   3.235550       10.46879    
         982   5.100425       26.01434    
         983   4.254381       18.09976    
         984   4.401356       19.37193    
         985   4.241599       17.99116    
         986   5.910907       34.93883    
         987   2.989796       8.938879    
         988   5.437634       29.56786    
         989   5.189429       26.93018    
         990   5.039993       25.40154    
         991   3.911429       15.29928    
         992   3.312818       10.97476    
         993   3.630901       13.18344    
         994   5.601255       31.37406    
         995   3.777023       14.26590    
         996   5.898340       34.79041    
         997   5.394750       29.10332    
         998   2.029737       4.119831    
         999   3.875875       15.02241    
        1000   5.037376       25.37516    
        1001   2.974747       8.849119    
        1002   4.688014       21.97748    
        1003   4.254239       18.09855    
        1004   3.755408       14.10309    
        1005   4.609835       21.25058    
        1006   2.947495       8.687723    
        1007   4.392162       19.29109    
        1008   5.516860       30.43575    
        1009   4.721820       22.29559    
        1010   4.909241       24.10065    
        1011   3.634967       13.21298    
        1012   5.478710       30.01626    
        1013   3.585819       12.85810    
        1014   5.477216       29.99990    
        1015   3.402351       11.57599    
        1016   5.579931       31.13563    
        1017   3.396170       11.53397    
        1018   4.800269       23.04258    
        1019   4.293886       18.43746    
        1020   5.982821       35.79415    
        1021   5.491726       30.15906    
        1022   3.052696       9.318954    
        1023   3.619420       13.10020    
        1024   4.906443       24.07318    
        1025   4.318759       18.65168    
        1026   2.926133       8.562258    
        1027   5.535950       30.64674    
        1028   4.420864       19.54403    
        1029   2.227861       4.963366    
        1030   3.754999       14.10002    
        1031   3.959018       15.67382    
        1032   5.266223       27.73311    
        1033   5.607221       31.44092    
        1034   4.199550       17.63622    
        1035   3.235083       10.46576    
        1036   3.828083       14.65422    
        1037   3.180959       10.11850    
        1038   5.837067       34.07135    
        1039   3.724437       13.87143    
        1040   2.484050       6.170502    
        1041   5.514015       30.40437    
        1042   3.898258       15.19641    
        1043   6.593092       43.46887    
        1044   3.535261       12.49807    
        1045   4.810592       23.14179    
        1046   4.516682       20.40042    
        1047   4.552461       20.72490    
        1048   3.214516       10.33311    
        1049   4.819068       23.22342    
        1050   3.139078       9.853811    
        1051   4.381018       19.19333    
        1052   4.727128       22.34574    
        1053   5.151294       26.53583    
        1054   2.750423       7.564825    
        1055   3.989870       15.91907    
        1056   5.731972       32.85550    
        1057   3.272764       10.71099    
        1058   6.027509       36.33087    
        1059   6.139222       37.69004    
        1060   3.374255       11.38560    
        1061   4.405859       19.41159    
        1062   4.094904       16.76824    
        1063   4.338326       18.82108    
        1064   5.018099       25.18132    
        1065   6.156095       37.89750    
        1066   6.021945       36.26382    
        1067   3.146723       9.901866    
        1068   4.801909       23.05833    
        1069   5.323409       28.33869    
        1070   3.662227       13.41191    
        1071   5.894876       34.74956    
        1072   4.505572       20.30018    
        1073   5.295218       28.03934    
        1074   4.294220       18.44033    
        1075   4.007861       16.06295    
        1076   4.014903       16.11944    
        1077   4.890381       23.91582    
        1078   3.969849       15.75970    
        1079   5.259195       27.65914    
        1080   4.566966       20.85718    
        1081   4.161023       17.31412    
        1082   5.057529       25.57859    
        1083   4.358276       18.99457    
        1084   4.676904       21.87343    
        1085   4.148458       17.20970    
        1086   3.194254       10.20326    
        1087   2.900918       8.415323    
        1088   4.659438       21.71037    
        1089   4.121164       16.98399    
        1090   3.677602       13.52476    
        1091   4.802478       23.06379    
        1092   3.330213       11.09032    
        1093   2.852647       8.137595    
        1094   3.765670       14.18027    
        1095   2.936316       8.621949    
        1096   2.577767       6.644883    
        1097   4.250626       18.06782    
        1098   5.293433       28.02043    
        1099   5.432667       29.51387    
        1100   4.703282       22.12086    
        1101   4.485605       20.12065    
        1102   4.667685       21.78728    
        1103   4.899560       24.00569    
        1104   5.717096       32.68518    
        1105   2.113386       4.466399    
        1106   5.308266       28.17769    
        1107   4.175756       17.43694    
        1108   4.338897       18.82603    
        1109   4.685866       21.95734    
        1110   4.603678       21.19385    
        1111   5.185182       26.88611    
        1112   4.833871       23.36631    
        1113   4.713973       22.22154    
        1114   4.137475       17.11869    
        1115   4.707250       22.15821    
        1116   3.835843       14.71369    
        1117   4.989840       24.89850    
        1118   4.977904       24.77953    
        1119   6.093855       37.13508    
        1120   4.129380       17.05178    
        1121   5.986411       35.83712    
        1122   2.761152       7.623960    
        1123   2.906679       8.448785    
        1124   5.112318       26.13579    
        1125   6.394707       40.89228    
        1126   4.228348       17.87893    
        1127   3.588806       12.87953    
        1128   3.759397       14.13307    
        1129   4.727348       22.34782    
        1130   5.226164       27.31279    
        1131   3.464565       12.00321    
        1132   4.740333       22.47075    
        1133   5.438003       29.57187    
        1134   3.901048       15.21817    
        1135   5.220399       27.25257    
        1136   3.243803       10.52226    
        1137   3.340432       11.15849    
        1138   3.146883       9.902869    
        1139   3.033877       9.204411    
        1140   3.380459       11.42750    
        1141   4.132362       17.07641    
        1142   4.783620       22.88302    
        1143   3.612216       13.04810    
        1144   3.140034       9.859814    
        1145   4.079431       16.64176    
        1146   5.914142       34.97708    
        1147   4.669582       21.80499    
        1148   4.060861       16.49059    
        1149   6.126751       37.53708    
        1150   5.899990       34.80988    
        1151   4.544566       20.65308    
        1152   4.740245       22.46992    
        1153   4.315769       18.62586    
        1154   3.504522       12.28167    
        1155   3.597534       12.94225    
        1156   3.653268       13.34637    
        1157   5.249544       27.55771    
        1158   5.035551       25.35677    
        1159   5.051148       25.51410    
        1160   5.008110       25.08116    
        1161   5.421659       29.39438    
        1162   3.512676       12.33890    
        1163   3.839948       14.74521    
        1164   4.634039       21.47432    
        1165   5.152494       26.54819    
        1166   2.466408       6.083166    
        1167   5.003939       25.03941    
        1168   3.761594       14.14959    
        1169   6.630075       43.95789    
        1170   5.912870       34.96204    
        1171   3.114985       9.703130    
        1172   3.216554       10.34622    
        1173   6.809519       46.36955    
        1174   5.061031       25.61404    
        1175   5.889768       34.68936    
        1176   4.941350       24.41693    
        1177   5.468743       29.90715    
        1178   4.842161       23.44652    
        1179   5.769883       33.29155    
        1180   3.666992       13.44683    
        1181   5.116354       26.17707    
        1182   5.523073       30.50433    
        1183   4.080389       16.64957    
        1184   3.861933       14.91453    
        1185   3.605480       12.99949    
        1186   4.428212       19.60906    
        1187   3.420415       11.69924    
        1188   3.778962       14.28055    
        1189   4.983375       24.83403    
        1190   4.599242       21.15303    
        1191   4.039746       16.31955    
        1192   4.876374       23.77902    
        1193   2.687116       7.220594    
        1194   2.421199       5.862206    
        1195   2.980905       8.885793    
        1196   4.131327       17.06786    
        1197   7.275408       52.93157    
        1198   4.443890       19.74815    
        1199   4.502893       20.27605    
        1200   3.482006       12.12436    
        1201   6.062770       36.75719    
        1202   4.334209       18.78536    
        1203   3.023686       9.142677    
        1204   6.046884       36.56480    
        1205   3.698501       13.67891    
        1206   2.033025       4.133190    
        1207   5.848563       34.20569    
        1208   3.569239       12.73947    
        1209   4.404162       19.39665    
        1210   4.276573       18.28907    
        1211   4.178586       17.46058    
        1212   4.167318       17.36654    
        1213   3.999898       15.99919    
        1214   6.676805       44.57973    
        1215   5.164590       26.67299    
        1216   5.279927       27.87763    
        1217   4.694902       22.04211    
        1218   5.086061       25.86802    
        1219   4.103228       16.83648    
        1220   5.228967       27.34210    
        1221   3.341046       11.16259    
        1222   2.934965       8.614020    
        1223   3.257956       10.61427    
        1224   4.640669       21.53581    
        1225   3.681325       13.55215    
        1226   6.196920       38.40182    
        1227   3.403603       11.58451    
        1228   4.138179       17.12453    
        1229   5.071023       25.71528    
        1230   3.889525       15.12841    
        1231   4.809262       23.12900    
        1232   3.973607       15.78955    
        1233   5.054892       25.55193    
        1234   5.984380       35.81280    
        1235   4.783248       22.87947    
        1236   6.429616       41.33997    
        1237   3.719387       13.83384    
        1238   5.310175       28.19796    
        1239   4.262991       18.17309    
        1240   5.772427       33.32091    
        1241   4.098712       16.79944    
        1242   3.675148       13.50671    
        1243   4.801500       23.05440    
        1244   3.363722       11.31463    
        1245   4.696612       22.05817    
        1246   6.197259       38.40602    
        1247   4.210145       17.72532    
        1248   3.890110       15.13296    
        1249   3.741910       14.00189    
        1250   5.013000       25.13017    
        1251   3.423554       11.72073    
        1252   4.046878       16.37723    
        1253   4.280327       18.32120    
        1254   4.961356       24.61506    
        1255   2.558222       6.544502    
        1256   4.709116       22.17578    
        1257   4.650697       21.62898    
        1258   6.442387       41.50436    
        1259   4.850610       23.52842    
        1260   5.541553       30.70881    
        1261   6.602557       43.59377    
        1262   2.393403       5.728379    
        1263   5.263338       27.70272    
        1264   4.593966       21.10452    
        1265   4.647853       21.60254    
        1266   3.719246       13.83280    
        1267   3.459266       11.96652    
        1268   3.553767       12.62926    
        1269   3.786698       14.33908    
        1270   4.494765       20.20291    
        1271   5.674913       32.20464    
        1272   4.651226       21.63391    
        1273   5.229093       27.34341    
        1274   4.765590       22.71085    
        1275   4.340439       18.83941    
        1276   3.859322       14.89437    
        1277   3.563523       12.69870    
        1278   4.528079       20.50350    
        1279   3.823477       14.61898    
        1280   4.988885       24.88897    
        1281   3.760312       14.13994    
        1282   3.724369       13.87092    
        1283   5.532804       30.61192    
        1284   2.591918       6.718040    
        1285   3.900785       15.21612    
        1286   2.844408       8.090655    
        1287   2.879838       8.293468    
        1288   4.802005       23.05925    
        1289   4.475286       20.02819    
        1290   4.507325       20.31598    
        1291   4.449839       19.80107    
        1292   4.555512       20.75269    
        1293   3.149757       9.920973    
        1294   4.102823       16.83315    
        1295   4.726090       22.33593    
        1296   4.263875       18.18063    
        1297   4.911636       24.12416    
        1298   2.957556       8.747137    
        1299   4.183479       17.50149    
        1300   4.813873       23.17338    
        1301   3.958184       15.66722    
        1302   3.739105       13.98091    
        1303   6.005304       36.06369    
        1304   4.113943       16.92453    
        1305   3.902883       15.23250    
        1306   5.671191       32.16241    
        1307   4.730762       22.38011    
        1308   4.134298       17.09242    
        1309   3.373751       11.38219    
        1310   4.972528       24.72603    
        1311   5.072625       25.73153    
        1312   3.536514       12.50693    
        1313   5.447331       29.67342    
        1314   5.942294       35.31086    
        1315   2.386084       5.693396    
        1316   4.233324       17.92103    
        1317   5.298681       28.07602    
        1318   4.701874       22.10762    
        1319   3.885689       15.09858    
        1320   6.762920       45.73709    
        1321   4.293548       18.43456    
        1322   3.991528       15.93230    
        1323   5.099800       26.00796    
        1324   3.650821       13.32849    
        1325   3.744766       14.02327    
        1326   4.316500       18.63217    
        1327   5.209372       27.13755    
        1328   5.081528       25.82192    
        1329   4.895558       23.96650    
        1330   1.737925       3.020384    
        1331   3.903612       15.23819    
        1332   4.479154       20.06282    
        1333   5.379087       28.93458    
        1334   4.375906       19.14856    
        1335   3.591821       12.90118    
        1336   3.293246       10.84546    
        1337   4.635294       21.48596    
        1338   3.630499       13.18052    
        1339   6.098150       37.18744    
        1340   3.526457       12.43590    
        1341   4.849181       23.51456    
        1342   5.017359       25.17389    
        1343   3.239285       10.49297    
        1344   3.953125       15.62720    
        1345   5.414448       29.31625    
        1346   4.559058       20.78501    
        1347   3.254515       10.59187    
        1348   6.171235       38.08414    
        1349   6.345632       40.26705    
        1350   3.606920       13.00987    
        1351   5.574503       31.07508    
        1352   4.430586       19.63009    
        1353   4.570792       20.89214    
        1354   2.572166       6.616040    
        1355   3.880502       15.05830    
        1356   4.166840       17.36256    
        1357   4.821736       23.24914    
        1358   2.637982       6.958951    
        1359   4.188966       17.54744    
        1360   4.068503       16.55272    
        1361   6.095045       37.14957    
        1362   4.122036       16.99118    
        1363   5.191493       26.95160    
        1364   2.372103       5.626874    
        1365   3.296700       10.86823    
        1366   6.246543       39.01931    
        1367   2.733281       7.470827    
        1368   5.231073       27.36412    
        1369   7.222918       52.17054    
        1370   4.109390       16.88708    
        1371   7.096389       50.35874    
        1372   4.353465       18.95266    
        1373   3.915934       15.33454    
        1374   5.150793       26.53067    
        1375   4.912541       24.13306    
        1376   4.978522       24.78568    
        1377   4.189421       17.55124    
        1378   6.523455       42.55546    
        1379   5.359526       28.72452    
        1380   4.769019       22.74354    
        1381   5.338822       28.50302    
        1382   3.180763       10.11725    
        1383   4.506668       20.31005    
        1384   5.243428       27.49354    
        1385   4.005656       16.04528    
        1386   2.734976       7.480094    
        1387   4.575980       20.93959    
        1388   4.499796       20.24817    
        1389   5.271212       27.78568    
        1390   5.576061       31.09246    
        1391   5.352195       28.64598    
        1392   5.908592       34.91146    
        1393   1.824353       3.328263    
        1394   5.491724       30.15903    
        1395   3.475135       12.07656    
        1396   2.659128       7.070962    
        1397   5.122995       26.24508    
        1398   4.652405       21.64487    
        1399   5.737185       32.91529    
        1400   6.206280       38.51791    
        1401   4.277611       18.29796    
        1402   4.712748       22.20999    
        1403   5.499650       30.24614    
        1404   3.979583       15.83708    
        1405   3.747040       14.04031    
        1406   2.435526       5.931784    
        1407   3.148699       9.914305    
        1408   3.046544       9.281427    
        1409   4.799849       23.03855    
        1410   5.613508       31.51148    
        1411   4.090783       16.73450    
        1412   3.980951       15.84797    
        1413   7.350921       54.03605    
        1414   2.815781       7.928625    
        1415   3.887394       15.11183    
        1416   3.412394       11.64443    
        1417   1.926932       3.713065    
        1418   5.169550       26.72425    
        1419   4.282538       18.34013    
        1420   5.447787       29.67839    
        1421   3.702705       13.71002    
        1422   5.444463       29.64217    
        1423   4.472029       19.99904    
        1424   4.230126       17.89396    
        1425   5.333595       28.44724    
        1426   2.405306       5.785497    
        1427   3.317816       11.00791    
        1428   3.246369       10.53891    
        1429   2.523198       6.366526    
        1430   2.771989       7.683922    
        1431   1.818515       3.306998    
        1432   3.748263       14.04948    
        1433   4.330960       18.75721    
        1434   5.586915       31.21361    
        1435   3.918196       15.35226    
        1436   4.950652       24.50895    
        1437   5.708508       32.58706    
        1438   3.783623       14.31580    
        1439   4.519748       20.42813    
        1440   2.481744       6.159055    
        1441   2.597020       6.744514    
        1442   5.410155       29.26978    
        1443   4.962893       24.63031    
        1444   3.157903       9.972350    
        1445   2.918297       8.516456    
        1446   5.857629       34.31182    
        1447   5.255133       27.61642    
        1448   4.253060       18.08852    
        1449   3.030455       9.183661    
        1450   4.672892       21.83592    
        1451   4.898864       23.99887    
        1452   6.510301       42.38401    
        1453   4.544633       20.65370    
        1454   5.032500       25.32605    
        1455   3.036581       9.220824    
        1456   3.989767       15.91824    
        1457   4.836617       23.39286    
        1458   4.490561       20.16514    
        1459   5.795424       33.58694    
        1460   5.777849       33.38354    
        1461   3.878845       15.04544    
        1462   1.792423       3.212782    
        1463   4.779333       22.84203    
        1464   3.608519       13.02141    
        1465   6.009707       36.11658    
        1466   3.585522       12.85597    
        1467   4.705646       22.14310    
        1468   5.576316       31.09530    
        1469   3.796886       14.41634    
        1470   3.895963       15.17853    
        1471   3.879481       15.05038    
        1472   3.447490       11.88519    
        1473   4.749223       22.55512    
        1474   6.003823       36.04589    
        1475   3.732174       13.92912    
        1476   4.681056       21.91229    
        1477   3.771539       14.22451    
        1478   4.094482       16.76479    
        1479   5.281937       27.89886    
        1480   4.888417       23.89662    
        1481   4.857031       23.59075    
        1482   4.278162       18.30267    
        1483   5.896483       34.76851    
        1484   5.668182       32.12830    
        1485   3.232151       10.44680    
        1486   5.421225       29.38968    
        1487   5.616331       31.54317    
        1488   4.070518       16.56912    
        1489   6.173425       38.11118    
        1490   7.393920       54.67005    
        1491   6.452348       41.63279    
        1492   4.343547       18.86640    
        1493   2.494735       6.223704    
        1494   4.752843       22.58951    
        1495   3.975083       15.80129    
        1496   3.957343       15.66056    
        1497   1.908350       3.641800    
        1498   2.386491       5.695339    
        1499   6.091382       37.10493    
        1500   4.800083       23.04080    
