           1   5.574190       31.07159    
           2   3.923965       15.39750    
           3   4.182408       17.49254    
           4   4.278296       18.30382    
           5   3.592572       12.90658    
           6   4.430930       19.63314    
           7   4.918431       24.19096    
           8   4.149548       17.21874    
           9   4.655580       21.67443    
          10   3.729558       13.90960    
          11   3.193774       10.20019    
          12   5.440009       29.59369    
          13   5.309547       28.19129    
          14   5.886579       34.65181    
          15   3.663857       13.42385    
          16   2.352293       5.533279    
          17   3.913284       15.31379    
          18   5.458764       29.79810    
          19   3.720687       13.84351    
          20   5.622269       31.60991    
          21   3.889897       15.13130    
          22   5.742623       32.97772    
          23   4.610801       21.25949    
          24   4.293586       18.43488    
          25   3.268393       10.68239    
          26   6.617552       43.79200    
          27   3.416712       11.67392    
          28   4.653144       21.65175    
          29   4.616405       21.31119    
          30   4.124455       17.01113    
          31   5.583986       31.18091    
          32   3.516805       12.36792    
          33   3.858179       14.88555    
          34   6.454238       41.65719    
          35   3.649323       13.31756    
          36   3.516318       12.36449    
          37   2.613283       6.829250    
          38   5.244088       27.50047    
          39   3.204103       10.26628    
          40   3.968734       15.75085    
          41   5.090153       25.90966    
          42   3.341675       11.16679    
          43   4.062895       16.50712    
          44   4.106522       16.86352    
          45   6.885879       47.41533    
          46   4.957968       24.58145    
          47   3.947586       15.58344    
          48   4.966231       24.66345    
          49   2.575276       6.632050    
          50   2.186973       4.782853    
          51   4.402369       19.38085    
          52   4.391496       19.28524    
          53   5.949462       35.39610    
          54   4.981682       24.81716    
          55   4.609962       21.25174    
          56   5.416232       29.33557    
          57   5.082589       25.83271    
          58   4.134556       17.09455    
          59   3.736113       13.95854    
          60   3.947906       15.58597    
          61   4.513874       20.37506    
          62   3.489771       12.17850    
          63   6.061119       36.73716    
          64   5.566161       30.98215    
          65   3.858126       14.88514    
          66   6.656431       44.30807    
          67   2.792605       7.798641    
          68   4.356674       18.98061    
          69   3.977195       15.81808    
          70   4.123989       17.00729    
          71   6.031952       36.38445    
          72   5.046118       25.46330    
          73   5.595277       31.30712    
          74   4.967278       24.67385    
          75   4.460984       19.90038    
          76   5.277531       27.85233    
          77   3.556431       12.64820    
          78   4.941927       24.42265    
          79   4.402760       19.38429    
          80   2.419017       5.851645    
          81   3.251924       10.57501    
          82   2.729402       7.449634    
          83   4.186423       17.52614    
          84   5.328369       28.39151    
          85   4.526447       20.48872    
          86   3.795578       14.40641    
          87   4.028730       16.23066    
          88   4.618948       21.33468    
          89   3.829238       14.66307    
          90   4.620586       21.34982    
          91   5.026783       25.26855    
          92   5.748180       33.04158    
          93   3.877100       15.03190    
          94   2.546263       6.483457    
          95   3.900598       15.21466    
          96   4.664834       21.76068    
          97   4.469546       19.97684    
          98   3.933263       15.47056    
          99   6.240984       38.94989    
         100   1.521373       2.314577    
         101   6.176776       38.15257    
         102   4.369238       19.09024    
         103   4.711537       22.19858    
         104   4.368494       19.08374    
         105   4.724679       22.32259    
         106   4.805384       23.09171    
         107   5.802090       33.66425    
         108   4.386574       19.24203    
         109   3.938428       15.51121    
         110   6.042956       36.51732    
         111   5.385403       29.00257    
         112   5.685492       32.32482    
         113   4.047750       16.38428    
         114   4.407709       19.42790    
         115   5.193634       26.97383    
         116   5.102922       26.03982    
         117   3.364399       11.31918    
         118   5.974886       35.69927    
         119   4.812768       23.16273    
         120   5.013885       25.13905    
         121   5.634710       31.74996    
         122   3.359279       11.28476    
         123   4.382065       19.20249    
         124   3.202138       10.25369    
         125   1.793001       3.214853    
         126   3.057443       9.347960    
         127   2.960561       8.764919    
         128   3.686702       13.59177    
         129   3.937684       15.50535    
         130   4.906077       24.06959    
         131   3.508126       12.30695    
         132   2.900374       8.412169    
         133   2.447875       5.992093    
         134   2.416391       5.838944    
         135   7.374602       54.38476    
         136   5.641057       31.82153    
         137   4.476797       20.04171    
         138   6.803325       46.28524    
         139   5.727699       32.80654    
         140   6.704140       44.94549    
         141   4.178013       17.45579    
         142   5.997922       35.97507    
         143   3.470788       12.04637    
         144   3.770848       14.21929    
         145   4.147690       17.20333    
         146   4.729495       22.36812    
         147   3.465924       12.01263    
         148   5.182791       26.86132    
         149   4.943107       24.43431    
         150   4.712463       22.20731    
         151   4.708078       22.16600    
         152   3.690681       13.62113    
         153   5.121376       26.22849    
         154   4.152379       17.24225    
         155   4.076561       16.61835    
         156   6.037223       36.44806    
         157   2.874989       8.265559    
         158   4.029953       16.24052    
         159   3.107232       9.654889    
         160   5.311658       28.21371    
         161   2.578496       6.648645    
         162   7.211017       51.99876    
         163   3.352292       11.23786    
         164   4.175221       17.43247    
         165   4.163944       17.33843    
         166   3.822174       14.60902    
         167   3.771658       14.22540    
         168   4.692326       22.01792    
         169   5.733316       32.87092    
         170   3.334283       11.11744    
         171   5.327435       28.38156    
         172   1.893384       3.584903    
         173   6.357042       40.41199    
         174   5.788733       33.50943    
         175   4.106311       16.86179    
         176   5.585795       31.20111    
         177   4.383313       19.21343    
         178   4.408353       19.43358    
         179   4.469577       19.97712    
         180   5.666376       32.10781    
         181   4.050909       16.40986    
         182   4.985719       24.85740    
         183   4.496186       20.21568    
         184   4.233898       17.92590    
         185   4.421247       19.54742    
         186   3.575992       12.78772    
         187   3.162256       9.999866    
         188   5.481697       30.04900    
         189   2.955616       8.735663    
         190   6.249561       39.05701    
         191   5.028266       25.28346    
         192   3.404608       11.59136    
         193   3.558500       12.66292    
         194   4.659634       21.71219    
         195   3.257985       10.61446    
         196   4.171895       17.40471    
         197   5.380093       28.94539    
         198   4.171392       17.40051    
         199   4.716589       22.24621    
         200   4.170753       17.39518    
         201   4.359505       19.00529    
         202   5.176473       26.79587    
         203   3.722070       13.85381    
         204   3.376814       11.40288    
         205   4.919026       24.19682    
         206   1.934424       3.741995    
         207   2.581663       6.664983    
         208   3.949521       15.59871    
         209   4.772876       22.78034    
         210   4.219715       17.80600    
         211   6.034742       36.41812    
         212   3.637538       13.23169    
         213   2.724602       7.423453    
         214   3.305294       10.92497    
         215   5.378462       28.92786    
         216   5.140947       26.42933    
         217   4.854700       23.56811    
         218   4.727580       22.35001    
         219   6.103429       37.25185    
         220   3.439648       11.83118    
         221   2.019024       4.076458    
         222   6.248406       39.04258    
         223   4.143446       17.16815    
         224   6.277916       39.41224    
         225   5.071893       25.72410    
         226   4.274417       18.27064    
         227   2.920747       8.530765    
         228   6.749868       45.56071    
         229   4.146766       17.19567    
         230   3.936751       15.49801    
         231   5.178399       26.81581    
         232   2.979361       8.876590    
         233   5.115896       26.17239    
         234   4.447781       19.78276    
         235   7.901991       62.44146    
         236   3.738129       13.97361    
         237   4.383834       19.21801    
         238   5.491519       30.15678    
         239   5.243307       27.49227    
         240   4.511063       20.34969    
         241   5.198102       27.02026    
         242   6.410034       41.08854    
         243   3.281617       10.76901    
         244   5.091600       25.92439    
         245   4.317104       18.63739    
         246   4.147888       17.20498    
         247   6.161950       37.96963    
         248   4.599210       21.15273    
         249   4.298525       18.47732    
         250   3.137713       9.845243    
         251   5.925968       35.11710    
         252   3.956986       15.65774    
         253   3.852260       14.83991    
         254   3.632619       13.19592    
         255   4.695087       22.04385    
         256   4.451729       19.81789    
         257   3.828358       14.65633    
         258   4.010537       16.08441    
         259   4.377915       19.16614    
         260   5.557340       30.88402    
         261   3.576185       12.78910    
         262   4.628637       21.42429    
         263   5.099867       26.00865    
         264   5.112157       26.13415    
         265   5.175784       26.78873    
         266   2.980153       8.881314    
         267   4.797666       23.01760    
         268   4.975967       24.76025    
         269   4.156590       17.27724    
         270   3.419505       11.69301    
         271   4.086543       16.69983    
         272   1.553793       2.414274    
         273   3.357955       11.27586    
         274   2.430417       5.906928    
         275   4.087711       16.70938    
         276   3.053864       9.326083    
         277   1.616445       2.612895    
         278   5.298889       28.07822    
         279   4.215502       17.77046    
         280   5.149996       26.52246    
         281   2.786434       7.764214    
         282   6.115856       37.40369    
         283   2.982817       8.897200    
         284   5.548560       30.78652    
         285   3.822963       14.61505    
         286   6.350640       40.33063    
         287   4.505191       20.29674    
         288   2.872247       8.249806    
         289   5.322960       28.33390    
         290   4.498485       20.23636    
         291   3.640904       13.25618    
         292   5.260429       27.67211    
         293   5.227658       27.32841    
         294   3.263143       10.64810    
         295   4.902143       24.03100    
         296   3.804982       14.47789    
         297   3.967851       15.74384    
         298   5.484610       30.08094    
         299   2.618710       6.857644    
         300   3.013017       9.078273    
         301   2.234673       4.993765    
         302   5.152726       26.55059    
         303   5.578486       31.11951    
         304   2.028913       4.116486    
         305   5.302896       28.12071    
         306   4.752283       22.58419    
         307   4.120988       16.98255    
         308   4.940053       24.40412    
         309   3.848182       14.80851    
         310   5.214578       27.19183    
         311   3.084145       9.511950    
         312   4.725089       22.32646    
         313   3.744695       14.02274    
         314   6.277448       39.40635    
         315   5.323667       28.34143    
         316   5.441129       29.60588    
         317   5.211282       27.15746    
         318   3.931317       15.45526    
         319   3.388110       11.47929    
         320   3.321113       11.02979    
         321   5.189655       26.93252    
         322   4.488891       20.15014    
         323   4.260450       18.15144    
         324   3.163845       10.00992    
         325   4.169523       17.38493    
         326   2.468920       6.095566    
         327   4.057007       16.45931    
         328   3.058870       9.356686    
         329   4.906277       24.07155    
         330   5.265707       27.72767    
         331   4.461298       19.90318    
         332   4.853118       23.55275    
         333   4.266288       18.20121    
         334   5.322444       28.32841    
         335   4.710273       22.18667    
         336   5.554280       30.85003    
         337   2.730570       7.456011    
         338   4.679372       21.89652    
         339   3.623918       13.13278    
         340   3.393259       11.51421    
         341   4.873728       23.75322    
         342   6.980295       48.72452    
         343   2.666682       7.111190    
         344   5.719384       32.71136    
         345   6.017196       36.20665    
         346   4.140460       17.14341    
         347   3.472770       12.06013    
         348   4.939837       24.40199    
         349   4.516124       20.39537    
         350   5.718487       32.70110    
         351   4.425219       19.58256    
         352   4.050984       16.41047    
         353   3.675527       13.50950    
         354   5.088660       25.89445    
         355   5.199710       27.03698    
         356   2.983812       8.903136    
         357   2.129401       4.534348    
         358   3.372689       11.37503    
         359   3.099620       9.607645    
         360   4.127647       17.03747    
         361   4.641183       21.54059    
         362   3.194036       10.20187    
         363   4.879423       23.80877    
         364   4.336476       18.80503    
         365   4.602450       21.18254    
         366   4.842646       23.45122    
         367   4.890506       23.91705    
         368   4.795846       23.00015    
         369   3.951052       15.61081    
         370   3.591957       12.90216    
         371   4.723583       22.31224    
         372   5.148782       26.50995    
         373   4.381235       19.19522    
         374   6.380285       40.70804    
         375   1.649787       2.721798    
         376   3.927526       15.42546    
         377   3.844034       14.77660    
         378   4.331122       18.75862    
         379   5.542645       30.72092    
         380   4.754434       22.60464    
         381   6.276615       39.39589    
         382   4.174942       17.43014    
         383   4.806389       23.10138    
         384   4.664599       21.75848    
         385   5.129344       26.31018    
         386   4.384213       19.22133    
         387   5.139546       26.41493    
         388   5.365078       28.78407    
         389   3.331867       11.10134    
         390   2.779709       7.726779    
         391   2.046154       4.186744    
         392   5.627634       31.67026    
         393   2.653843       7.042881    
         394   5.179344       26.82560    
         395   3.397669       11.54415    
         396   3.936066       15.49262    
         397   4.032965       16.26481    
         398   3.268686       10.68431    
         399   5.857372       34.30881    
         400   4.349214       18.91566    
         401   4.994337       24.94340    
         402   3.708498       13.75296    
         403   4.436171       19.67961    
         404   5.110689       26.11914    
         405   4.486065       20.12478    
         406   4.857325       23.59360    
         407   6.358033       40.42458    
         408   4.830607       23.33476    
         409   4.891166       23.92350    
         410   2.141474       4.585913    
         411   3.827285       14.64811    
         412   3.658143       13.38201    
         413   4.354718       18.96357    
         414   4.902718       24.03665    
         415   3.344252       11.18402    
         416   4.046847       16.37697    
         417   4.731946       22.39132    
         418   3.225538       10.40410    
         419   6.310215       39.81881    
         420   4.377878       19.16581    
         421   4.224526       17.84662    
         422   4.460596       19.89692    
         423   5.845764       34.17295    
         424   2.763294       7.635793    
         425   5.908027       34.90479    
         426   4.411763       19.46365    
         427   4.185977       17.52240    
         428   4.498837       20.23953    
         429   4.917314       24.17998    
         430   4.161757       17.32022    
         431   3.207691       10.28928    
         432   5.364905       28.78221    
         433   4.212600       17.74600    
         434   5.644342       31.85860    
         435   3.579855       12.81536    
         436   5.423653       29.41601    
         437   2.481023       6.155474    
         438   5.082971       25.83659    
         439   4.271664       18.24711    
         440   3.969609       15.75780    
         441   4.017895       16.14348    
         442   3.864976       14.93804    
         443   5.215379       27.20018    
         444   3.517903       12.37564    
         445   2.841828       8.075985    
         446   5.779645       33.40430    
         447   4.936322       24.36728    
         448   4.421285       19.54776    
         449   3.235080       10.46574    
         450   4.737654       22.44536    
         451   4.602974       21.18737    
         452   5.478999       30.01943    
         453   4.759593       22.65372    
         454   3.603392       12.98443    
         455   4.421120       19.54630    
         456   4.284146       18.35390    
         457   4.812249       23.15774    
         458   5.442254       29.61814    
         459   4.838528       23.41135    
         460   3.701667       13.70234    
         461   2.775319       7.702395    
         462   3.637698       13.23284    
         463   5.683634       32.30370    
         464   5.090022       25.90832    
         465   4.896620       23.97689    
         466   3.472609       12.05902    
         467   3.397525       11.54318    
         468   4.705617       22.14283    
         469   4.209512       17.72000    
         470   4.391750       19.28747    
         471   5.259243       27.65964    
         472   3.104380       9.637173    
         473   4.333975       18.78334    
         474   5.489579       30.13548    
         475   5.688899       32.36357    
         476   2.637424       6.956006    
         477   3.757381       14.11792    
         478   3.537313       12.51259    
         479   3.764169       14.16897    
         480   5.494367       30.18807    
         481   2.962281       8.775111    
         482   4.487340       20.13622    
         483   6.114486       37.38694    
         484   2.294568       5.265043    
         485   3.877180       15.03252    
         486   6.186070       38.26746    
         487   3.312953       10.97565    
         488   2.501215       6.256079    
         489   5.339204       28.50710    
         490   5.510264       30.36301    
         491   3.793430       14.39011    
         492   2.269395       5.150152    
         493   2.855174       8.152019    
         494   3.388019       11.47867    
         495   3.562854       12.69393    
         496   6.743964       45.48105    
         497   3.903627       15.23830    
         498   6.133915       37.62492    
         499   4.210253       17.72623    
         500   3.813218       14.54063    
         501   5.636829       31.77384    
         502   4.077677       16.62745    
         503   4.962069       24.62213    
         504   4.091447       16.73994    
         505   3.620686       13.10937    
         506   3.909100       15.28106    
         507   5.218582       27.23360    
         508   1.908735       3.643268    
         509   3.969293       15.75528    
         510   3.803508       14.46667    
         511   4.232083       17.91052    
         512   3.309128       10.95033    
         513   2.621450       6.872000    
         514   4.339683       18.83285    
         515   4.350273       18.92487    
         516   2.898119       8.399094    
         517   2.536335       6.432996    
         518   6.086676       37.04762    
         519   5.898240       34.78923    
         520   1.680207       2.823095    
         521   2.882185       8.306989    
         522   5.080581       25.81231    
         523   3.226086       10.40763    
         524   1.647760       2.715112    
         525   2.410983       5.812839    
         526   4.760762       22.66485    
         527   5.523657       30.51079    
         528   4.296305       18.45823    
         529   5.479325       30.02300    
         530   2.555381       6.529970    
         531   4.828136       23.31090    
         532   5.253553       27.59982    
         533   5.137882       26.39784    
         534   5.139913       26.41871    
         535   4.553336       20.73287    
         536   3.062392       9.378244    
         537   3.439684       11.83143    
         538   2.784910       7.755726    
         539   3.274962       10.72538    
         540   5.791740       33.54426    
         541   4.047186       16.37971    
         542   6.159181       37.93550    
         543   4.652672       21.64736    
         544   4.627575       21.41446    
         545   3.672538       13.48753    
         546   3.669447       13.46484    
         547   4.234438       17.93047    
         548   5.321846       28.32204    
         549   3.707554       13.74596    
         550   5.923956       35.09326    
         551   4.595050       21.11448    
         552   2.260498       5.109853    
         553   3.781774       14.30181    
         554   5.519009       30.45946    
         555   4.553334       20.73285    
         556   3.076716       9.466180    
         557   4.311203       18.58647    
         558   2.896360       8.388905    
         559   2.834854       8.036399    
         560   4.471124       19.99095    
         561   5.901716       34.83025    
         562   4.597097       21.13330    
         563   4.597368       21.13580    
         564   5.159452       26.61995    
         565   3.489833       12.17894    
         566   4.749304       22.55589    
         567   4.633363       21.46805    
         568   3.114030       9.697185    
         569   3.775892       14.25736    
         570   4.338408       18.82179    
         571   3.373810       11.38260    
         572   5.230179       27.35477    
         573   4.059049       16.47588    
         574   2.583378       6.673840    
         575   3.961206       15.69116    
         576   2.330475       5.431114    
         577   2.533262       6.417415    
         578   3.815952       14.56149    
         579   3.413742       11.65363    
         580   5.617347       31.55459    
         581   2.562632       6.567083    
         582   3.557940       12.65894    
         583   4.417113       19.51089    
         584   4.406293       19.41542    
         585   5.366399       28.79824    
         586   3.153213       9.942750    
         587   5.864040       34.38697    
         588   5.046386       25.46601    
         589   3.972699       15.78234    
         590   4.338641       18.82381    
         591   6.175708       38.13938    
         592   4.529652       20.51774    
         593   4.042492       16.34175    
         594   6.537942       42.74469    
         595   5.296795       28.05603    
         596   3.671707       13.48144    
         597   4.236331       17.94650    
         598   4.699136       22.08188    
         599   4.763357       22.68957    
         600   2.147953       4.613701    
         601   4.073977       16.59728    
         602   4.677196       21.87616    
         603   5.891199       34.70622    
         604   6.228839       38.79843    
         605   3.505636       12.28949    
         606   6.091269       37.10355    
         607   5.719482       32.71248    
         608   4.278201       18.30301    
         609   4.936722       24.37122    
         610   4.625534       21.39557    
         611   4.439298       19.70737    
         612   4.630448       21.44106    
         613   5.512898       30.39205    
         614   4.556846       20.76485    
         615   3.499146       12.24403    
         616   3.601284       12.96925    
         617   4.363118       19.03680    
         618   4.621965       21.36256    
         619   4.650909       21.63096    
         620   5.382061       28.96659    
         621   5.583663       31.17730    
         622   4.144916       17.18032    
         623   5.515205       30.41749    
         624   2.729224       7.448663    
         625   4.335243       18.79433    
         626   3.500349       12.25244    
         627   3.363919       11.31595    
         628   6.997541       48.96559    
         629   4.643908       21.56589    
         630   5.012287       25.12302    
         631   2.811836       7.906421    
         632   4.904860       24.05765    
         633   4.295147       18.44829    
         634   5.821448       33.88926    
         635   3.561868       12.68690    
         636   5.317657       28.27748    
         637   2.730086       7.453372    
         638   4.741354       22.48044    
         639   5.003004       25.03004    
         640   3.107760       9.658174    
         641   4.039912       16.32089    
         642   5.130034       26.31725    
         643   3.440618       11.83785    
         644   4.217626       17.78837    
         645   3.864155       14.93169    
         646   4.952260       24.52488    
         647   4.571739       20.90080    
         648   4.987362       24.87378    
         649   3.974537       15.79695    
         650   4.525149       20.47697    
         651   3.670899       13.47550    
         652   4.804573       23.08392    
         653   4.301124       18.49966    
         654   5.126581       26.28183    
         655   3.237063       10.47858    
         656   5.561155       30.92645    
         657   4.452416       19.82401    
         658   2.497116       6.235590    
         659   4.620489       21.34891    
         660   3.319899       11.02173    
         661   3.747993       14.04745    
         662   2.775645       7.704204    
         663   4.113217       16.91855    
         664   2.730902       7.457828    
         665   4.281127       18.32805    
         666   5.592705       31.27835    
         667   5.715382       32.66559    
         668   4.974217       24.74284    
         669   4.301374       18.50182    
         670   5.280778       27.88662    
         671   5.513553       30.39927    
         672   3.447635       11.88619    
         673   3.041309       9.249558    
         674   4.612750       21.27746    
         675   3.311083       10.96327    
         676   3.831229       14.67832    
         677   4.734427       22.41480    
         678   3.621499       13.11525    
         679   5.127628       26.29257    
         680   5.704919       32.54611    
         681   3.831435       14.67989    
         682   6.606509       43.64596    
         683   1.778522       3.163140    
         684   4.376534       19.15404    
         685   4.643373       21.56091    
         686   2.726763       7.435236    
         687   4.692259       22.01730    
         688   3.770033       14.21315    
         689   3.945228       15.56482    
         690   5.112434       26.13698    
         691   5.540189       30.69369    
         692   3.940342       15.52629    
         693   5.214313       27.18905    
         694   4.717710       22.25678    
         695   2.948100       8.691296    
         696   5.628881       31.68431    
         697   5.223915       27.28928    
         698   5.495645       30.20211    
         699   5.066012       25.66448    
         700   4.078581       16.63482    
         701   4.310936       18.58417    
         702   4.416329       19.50396    
         703   6.541966       42.79732    
         704   4.765561       22.71057    
         705   5.043933       25.44126    
         706   3.397229       11.54116    
         707   2.042154       4.170393    
         708   2.987262       8.923738    
         709   3.985850       15.88700    
         710   3.860308       14.90198    
         711   4.148436       17.20952    
         712   6.034175       36.41127    
         713   4.407242       19.42378    
         714   2.188436       4.789253    
         715   5.474995       29.97557    
         716   3.526425       12.43567    
         717   4.053219       16.42859    
         718   4.057333       16.46195    
         719   2.801634       7.849151    
         720   4.627402       21.41285    
         721   4.157011       17.28074    
         722   5.641629       31.82797    
         723   2.695081       7.263461    
         724   4.944832       24.45136    
         725   5.033341       25.33452    
         726   6.095748       37.15815    
         727   3.371866       11.36948    
         728   5.085984       25.86723    
         729   4.881707       23.83106    
         730   5.285462       27.93611    
         731   2.582952       6.671644    
         732   4.180535       17.47687    
         733   4.432883       19.65045    
         734   5.497485       30.22234    
         735   3.853246       14.84750    
         736   4.561089       20.80353    
         737   2.747967       7.551324    
         738   4.893097       23.94240    
         739   3.026042       9.156929    
         740   2.389177       5.708169    
         741   4.801729       23.05660    
         742   2.683679       7.202133    
         743   3.958316       15.66827    
         744   3.185233       10.14571    
         745   3.286919       10.80383    
         746   3.887411       15.11197    
         747   4.331405       18.76107    
         748   3.159164       9.980316    
         749   4.461940       19.90891    
         750   4.236660       17.94928    
         751   2.490424       6.202211    
         752   5.390040       29.05254    
         753   1.972906       3.892359    
         754   2.977632       8.866291    
         755   3.997819       15.98255    
         756   5.481957       30.05186    
         757   5.073383       25.73921    
         758   5.099791       26.00787    
         759   7.505207       56.32812    
         760   5.693184       32.41234    
         761   5.980608       35.76767    
         762   5.374837       28.88888    
         763   3.602319       12.97670    
         764   3.831146       14.67768    
         765   2.374249       5.637057    
         766   3.336662       11.13331    
         767   4.885614       23.86923    
         768   2.367577       5.605422    
         769   4.449839       19.80107    
         770   3.392583       11.50962    
         771   6.164595       38.00224    
         772   4.040191       16.32314    
         773   4.217949       17.79110    
         774   4.751896       22.58052    
         775   6.028603       36.34405    
         776   4.278871       18.30873    
         777   2.616715       6.847198    
         778   4.635128       21.48441    
         779   3.460476       11.97490    
         780   3.254720       10.59320    
         781   5.815481       33.81982    
         782   6.294483       39.62052    
         783   4.574103       20.92242    
         784   4.092132       16.74554    
         785   3.915049       15.32761    
         786   5.664928       32.09141    
         787   5.326919       28.37606    
         788   4.005121       16.04100    
         789   3.635343       13.21572    
         790   3.810036       14.51637    
         791   5.299497       28.08467    
         792   2.532528       6.413699    
         793   3.843333       14.77121    
         794   3.597636       12.94298    
         795   6.124207       37.50592    
         796   4.507895       20.32112    
         797   5.633394       31.73513    
         798   4.102692       16.83208    
         799   3.825633       14.63547    
         800   5.143291       26.45344    
         801   5.578918       31.12433    
         802   5.619537       31.57920    
         803   4.029369       16.23582    
         804   4.077667       16.62737    
         805   5.363249       28.76444    
         806   4.242043       17.99493    
         807   4.036503       16.29335    
         808   4.872061       23.73698    
         809   5.192198       26.95893    
         810   4.358997       19.00085    
         811   5.216033       27.20700    
         812   3.313199       10.97729    
         813   4.441818       19.72975    
         814   4.105308       16.85355    
         815   2.720834       7.402936    
         816   4.384605       19.22476    
         817   6.099434       37.20311    
         818   4.956345       24.56535    
         819   4.795229       22.99422    
         820   5.128044       26.29683    
         821   3.758033       14.12281    
         822   2.851719       8.132301    
         823   3.464421       12.00221    
         824   3.669051       13.46193    
         825   3.694275       13.64767    
         826   3.272554       10.70961    
         827   3.046474       9.281005    
         828   3.849443       14.81821    
         829   3.298524       10.88026    
         830   5.080595       25.81245    
         831   3.370143       11.35787    
         832   2.715327       7.373002    
         833   4.242333       17.99739    
         834   2.998800       8.992800    
         835   5.058756       25.59102    
         836   5.763186       33.21432    
         837   5.487657       30.11438    
         838   5.422684       29.40550    
         839   4.790884       22.95257    
         840   4.134075       17.09058    
         841   3.659672       13.39320    
         842   6.354328       40.37749    
         843   4.831703       23.34535    
         844   3.841517       14.75725    
         845   3.303000       10.90981    
         846   3.432902       11.78482    
         847   2.413446       5.824721    
         848   5.641530       31.82686    
         849   4.926063       24.26610    
         850   4.869986       23.71676    
         851   3.732045       13.92816    
         852   3.417678       11.68052    
         853   5.063951       25.64361    
         854   7.396858       54.71351    
         855   4.872722       23.74342    
         856   6.167659       38.04003    
         857   3.886663       15.10615    
         858   5.136546       26.38411    
         859   4.279274       18.31219    
         860   5.855685       34.28905    
         861   4.165366       17.35028    
         862   4.571769       20.90107    
         863   5.153757       26.56121    
         864   3.779768       14.28664    
         865   4.457220       19.86681    
         866   3.845258       14.78601    
         867   5.971900       35.66360    
         868   6.306374       39.77036    
         869   4.028883       16.23189    
         870   3.543779       12.55837    
         871   4.082546       16.66718    
         872   6.131402       37.59409    
         873   4.194831       17.59661    
         874   5.029428       25.29515    
         875   2.919078       8.521017    
         876   3.868397       14.96449    
         877   3.702945       13.71181    
         878   4.967047       24.67155    
         879   5.359870       28.72821    
         880   3.678032       13.52792    
         881   3.190392       10.17860    
         882   5.256396       27.62970    
         883   5.275858       27.83469    
         884   4.923707       24.24290    
         885   4.599139       21.15208    
         886   3.805533       14.48208    
         887   5.181244       26.84529    
         888   5.861035       34.35173    
         889   3.030303       9.182739    
         890   6.171492       38.08731    
         891   2.680106       7.182970    
         892   3.801380       14.45049    
         893   3.344369       11.18481    
         894   2.782377       7.741622    
         895   3.379403       11.42037    
         896   4.212652       17.74644    
         897   6.644456       44.14879    
         898   6.602200       43.58904    
         899   4.416134       19.50224    
         900   3.989461       15.91580    
         901   5.098637       25.99610    
         902   3.037621       9.227143    
         903   3.206937       10.28445    
         904   4.092427       16.74796    
         905   5.481130       30.04278    
         906   5.292020       28.00548    
         907   4.753756       22.59819    
         908   4.353577       18.95363    
         909   3.669299       13.46376    
         910   5.347803       28.59899    
         911   3.753527       14.08897    
         912   3.904757       15.24712    
         913   3.512205       12.33559    
         914   4.498787       20.23909    
         915   3.998955       15.99164    
         916   4.565261       20.84161    
         917   2.536698       6.434839    
         918   5.764398       33.22829    
         919   5.924271       35.09698    
         920   2.572201       6.616220    
         921   7.086605       50.21997    
         922   2.769138       7.668124    
         923   6.658533       44.33605    
         924   3.655984       13.36622    
         925   2.872298       8.250099    
         926   4.249266       18.05626    
         927   4.774669       22.79746    
         928   5.738655       32.93216    
         929   5.467497       29.89353    
         930   2.619015       6.859240    
         931   4.089293       16.72232    
         932   4.985152       24.85173    
         933   4.993332       24.93336    
         934   3.947121       15.57976    
         935   4.765580       22.71076    
         936   3.818343       14.57975    
         937   5.145676       26.47799    
         938   5.611121       31.48467    
         939   3.119481       9.731160    
         940   3.010403       9.062526    
         941   4.183394       17.50078    
         942   3.826200       14.63981    
         943   4.627567       21.41438    
         944   2.376721       5.648805    
         945   5.579624       31.13220    
         946   5.977812       35.73423    
         947   3.816220       14.56353    
         948   2.808779       7.889238    
         949   3.791216       14.37332    
         950   2.471088       6.106278    
         951   3.798538       14.42889    
         952   3.727608       13.89506    
         953   5.158686       26.61204    
         954   3.983262       15.86638    
         955   4.656554       21.68350    
         956   4.512750       20.36492    
         957   3.209800       10.30282    
         958   2.748643       7.555037    
         959   4.076722       16.61966    
         960   5.174526       26.77572    
         961   3.137237       9.842255    
         962   5.129595       26.31275    
         963   3.710623       13.76872    
         964   5.342418       28.54143    
         965   5.442663       29.62258    
         966   6.343814       40.24398    
         967   5.462079       29.83430    
         968   4.179950       17.47198    
         969   5.173264       26.76266    
         970   2.548367       6.494173    
         971   4.125266       17.01782    
         972   6.175722       38.13954    
         973   2.129757       4.535864    
         974   2.990208       8.941345    
         975   4.779822       22.84670    
         976   5.075579       25.76150    
         977   6.349315       40.31379    
         978   4.256174       18.11502    
         979   5.188580       26.92136    
         980   5.129348       26.31021    
         981   7.472643       55.84040    
         982   4.451131       19.81256    
         983   4.350249       18.92466    
         984   4.203443       17.66893    
         985   3.640289       13.25170    
         986   4.790243       22.94643    
         987   3.584150       12.84613    
         988   5.495652       30.20219    
         989   4.601822       21.17677    
         990   4.939342       24.39709    
         991   2.400934       5.764486    
         992   4.194125       17.59069    
         993   3.738775       13.97844    
         994   4.815502       23.18906    
         995   3.641056       13.25729    
         996   5.486308       30.09958    
         997   3.149179       9.917333    
         998   4.813884       23.17348    
         999   4.566063       20.84893    
        1000   5.037899       25.38042    
        1001   1.422149       2.022507    
        1002   5.794798       33.57969    
        1003   2.463341       6.068049    
        1004   5.394063       29.09592    
        1005   5.947417       35.37177    
        1006   4.496572       20.21916    
        1007   4.369073       19.08880    
        1008   5.222191       27.27128    
        1009   3.476821       12.08829    
        1010   2.439054       5.948982    
        1011   5.042808       25.42991    
        1012   3.507324       12.30132    
        1013   3.261272       10.63589    
        1014   5.231993       27.37375    
        1015   4.389396       19.26679    
        1016   4.632193       21.45721    
        1017   5.560651       30.92084    
        1018   6.167711       38.04066    
        1019   4.967440       24.67546    
        1020   6.050772       36.61184    
        1021   2.890108       8.352726    
        1022   5.740756       32.95628    
        1023   4.244411       18.01503    
        1024   5.356466       28.69173    
        1025   4.359103       19.00178    
        1026   3.434035       11.79260    
        1027   1.922769       3.697040    
        1028   3.481025       12.11753    
        1029   4.268248       18.21794    
        1030   5.631184       31.71023    
        1031   4.181571       17.48553    
        1032   3.070281       9.426624    
        1033   4.860991       23.62924    
        1034   3.414489       11.65874    
        1035   4.659574       21.71163    
        1036   5.057369       25.57698    
        1037   5.521251       30.48422    
        1038   3.479451       12.10658    
        1039   2.950373       8.704699    
        1040   3.520255       12.39220    
        1041   5.483324       30.06684    
        1042   5.634255       31.74483    
        1043   4.111838       16.90722    
        1044   5.890159       34.69397    
        1045   3.523166       12.41270    
        1046   4.086934       16.70303    
        1047   4.034225       16.27497    
        1048   3.327618       11.07304    
        1049   4.349957       18.92213    
        1050   4.583846       21.01165    
        1051   3.251925       10.57502    
        1052   4.458280       19.87626    
        1053   3.352146       11.23688    
        1054   2.854117       8.145986    
        1055   3.463523       11.99599    
        1056   3.222093       10.38188    
        1057   4.365933       19.06137    
        1058   3.773726       14.24101    
        1059   2.650113       7.023098    
        1060   3.381520       11.43468    
        1061   3.320104       11.02309    
        1062   4.517816       20.41066    
        1063   4.941360       24.41704    
        1064   3.099967       9.609794    
        1065   6.086370       37.04390    
        1066   5.879032       34.56302    
        1067   4.057850       16.46614    
        1068   3.993727       15.94986    
        1069   3.964493       15.71720    
        1070   4.570887       20.89301    
        1071   4.827994       23.30953    
        1072   5.836634       34.06629    
        1073   4.430815       19.63212    
        1074   3.715889       13.80784    
        1075   5.657936       32.01224    
        1076   2.310740       5.339518    
        1077   5.138586       26.40506    
        1078   6.752752       45.59966    
        1079   2.491371       6.206928    
        1080   5.146756       26.48910    
        1081   3.412141       11.64271    
        1082   2.999997       8.999981    
        1083   4.804090       23.07928    
        1084   3.483752       12.13653    
        1085   4.793575       22.97836    
        1086   5.014701       25.14723    
        1087   6.290609       39.57176    
        1088   5.360885       28.73909    
        1089   4.530733       20.52754    
        1090   3.698164       13.67641    
        1091   5.276422       27.84063    
        1092   4.804009       23.07851    
        1093   4.118102       16.95876    
        1094   4.395773       19.32282    
        1095   5.599119       31.35013    
        1096   5.334140       28.45305    
        1097   3.994798       15.95841    
        1098   4.541450       20.62477    
        1099   5.139279       26.41219    
        1100   4.213523       17.75378    
        1101   4.811857       23.15396    
        1102   4.804588       23.08406    
        1103   5.822793       33.90491    
        1104   4.004567       16.03655    
        1105   3.747643       14.04483    
        1106   5.750677       33.07029    
        1107   5.829060       33.97794    
        1108   4.022115       16.17741    
        1109   2.909475       8.465046    
        1110   5.891744       34.71265    
        1111   3.533989       12.48908    
        1112   4.641698       21.54537    
        1113   5.462672       29.84078    
        1114   4.468959       19.97159    
        1115   3.041760       9.252306    
        1116   5.425400       29.43497    
        1117   5.254280       27.60746    
        1118   5.678646       32.24702    
        1119   4.736099       22.43064    
        1120   3.738454       13.97604    
        1121   3.272410       10.70867    
        1122   3.886500       15.10488    
        1123   6.270164       39.31496    
        1124   3.785621       14.33092    
        1125   5.819016       33.86095    
        1126   3.370472       11.36008    
        1127   4.577766       20.95594    
        1128   4.111277       16.90260    
        1129   5.439496       29.58812    
        1130   3.758869       14.12909    
        1131   6.591839       43.45234    
        1132   5.267418       27.74570    
        1133   3.147947       9.909568    
        1134   3.306259       10.93135    
        1135   4.121093       16.98341    
        1136   3.433588       11.78953    
        1137   4.176381       17.44216    
        1138   3.573648       12.77096    
        1139   2.930722       8.589132    
        1140   2.560837       6.557887    
        1141   5.954794       35.45957    
        1142   4.974494       24.74559    
        1143   3.612216       13.04810    
        1144   4.837611       23.40248    
        1145   4.389869       19.27095    
        1146   5.396811       29.12556    
        1147   3.849705       14.82023    
        1148   3.365001       11.32324    
        1149   4.769050       22.74383    
        1150   5.655810       31.98819    
        1151   4.380168       19.18587    
        1152   2.820155       7.953275    
        1153   3.990857       15.92694    
        1154   4.324764       18.70358    
        1155   4.610095       21.25297    
        1156   3.596436       12.93435    
        1157   4.977826       24.77875    
        1158   4.912932       24.13691    
        1159   4.947742       24.48015    
        1160   4.883257       23.84620    
        1161   5.072313       25.72837    
        1162   4.684783       21.94719    
        1163   5.728713       32.81815    
        1164   6.187331       38.28307    
        1165   4.313975       18.61038    
        1166   4.076050       16.61418    
        1167   2.852661       8.137675    
        1168   3.367226       11.33821    
        1169   5.002689       25.02690    
        1170   7.244459       52.48219    
        1171   5.385132       28.99965    
        1172   5.133985       26.35780    
        1173   5.470422       29.92552    
        1174   3.752252       14.07939    
        1175   2.540034       6.451775    
        1176   5.203746       27.07897    
        1177   4.432802       19.64973    
        1178   3.242016       10.51067    
        1179   3.553954       12.63059    
        1180   4.655879       21.67721    
        1181   3.313925       10.98210    
        1182   3.311713       10.96744    
        1183   5.343327       28.55114    
        1184   6.049703       36.59891    
        1185   4.937043       24.37440    
        1186   2.520697       6.353914    
        1187   3.927781       15.42747    
        1188   3.763124       14.16111    
        1189   3.722536       13.85728    
        1190   4.505399       20.29862    
        1191   2.796958       7.822975    
        1192   4.769862       22.75159    
        1193   4.711264       22.19600    
        1194   4.678030       21.88396    
        1195   4.788172       22.92659    
        1196   6.225323       38.75464    
        1197   3.298555       10.88047    
        1198   4.732160       22.39333    
        1199   4.102687       16.83204    
        1200   4.388240       19.25665    
        1201   5.559012       30.90262    
        1202   2.502462       6.262317    
        1203   4.947330       24.47608    
        1204   4.380528       19.18902    
        1205   5.800723       33.64838    
        1206   3.809158       14.50969    
        1207   2.773090       7.690026    
        1208   5.378767       28.93114    
        1209   3.129617       9.794506    
        1210   4.892170       23.93333    
        1211   5.736471       32.90710    
        1212   3.968264       15.74712    
        1213   3.447061       11.88223    
        1214   3.324673       11.05345    
        1215   2.791121       7.790359    
        1216   4.030529       16.24516    
        1217   5.549807       30.80036    
        1218   2.605302       6.787596    
        1219   4.728962       22.36308    
        1220   3.145261       9.892669    
        1221   4.165836       17.35419    
        1222   5.303354       28.12556    
        1223   5.851255       34.23719    
        1224   5.038847       25.38998    
        1225   3.322802       11.04101    
        1226   3.617870       13.08898    
        1227   5.553429       30.84057    
        1228   4.464348       19.93041    
        1229   5.641983       31.83197    
        1230   4.805903       23.09670    
        1231   4.915795       24.16504    
        1232   3.845185       14.78545    
        1233   5.982463       35.78986    
        1234   3.976111       15.80946    
        1235   4.244462       18.01546    
        1236   3.214605       10.33368    
        1237   3.785900       14.33304    
        1238   6.035202       36.42366    
        1239   5.516425       30.43095    
        1240   4.973363       24.73434    
        1241   3.789834       14.36285    
        1242   4.038369       16.30842    
        1243   5.189214       26.92794    
        1244   4.451631       19.81702    
        1245   5.397952       29.13788    
        1246   6.230621       38.82064    
        1247   3.811964       14.53107    
        1248   5.118795       26.20207    
        1249   4.517430       20.40717    
        1250   3.159594       9.983035    
        1251   6.008175       36.09816    
        1252   3.854481       14.85703    
        1253   3.619362       13.09978    
        1254   5.482324       30.05588    
        1255   3.114941       9.702855    
        1256   4.659296       21.70903    
        1257   5.085385       25.86114    
        1258   4.467153       19.95545    
        1259   4.461092       19.90134    
        1260   4.400690       19.36607    
        1261   4.403886       19.39421    
        1262   4.795828       22.99997    
        1263   6.786853       46.06138    
        1264   4.862333       23.64228    
        1265   6.194542       38.37235    
        1266   2.346274       5.505000    
        1267   2.782841       7.744206    
        1268   4.240086       17.97833    
        1269   4.323010       18.68842    
        1270   4.602502       21.18303    
        1271   6.438837       41.45862    
        1272   4.873042       23.74653    
        1273   2.098152       4.402243    
        1274   1.529836       2.340399    
        1275   5.079117       25.79743    
        1276   2.575637       6.633907    
        1277   2.481974       6.160194    
        1278   3.716535       13.81263    
        1279   5.328009       28.38767    
        1280   4.785081       22.89700    
        1281   3.966411       15.73242    
        1282   2.132765       4.548685    
        1283   6.367132       40.54038    
        1284   3.966244       15.73109    
        1285   4.114895       16.93237    
        1286   4.547497       20.67973    
        1287   5.128927       26.30589    
        1288   6.298004       39.66486    
        1289   3.335155       11.12326    
        1290   5.281494       27.89417    
        1291   6.182566       38.22412    
        1292   4.485162       20.11668    
        1293   5.428062       29.46386    
        1294   5.854021       34.26956    
        1295   2.133343       4.551152    
        1296   4.005801       16.04644    
        1297   4.396495       19.32916    
        1298   3.936276       15.49427    
        1299   5.569375       31.01794    
        1300   3.999250       15.99400    
        1301   4.405598       19.40929    
        1302   4.982207       24.82239    
        1303   5.728051       32.81057    
        1304   3.288210       10.81233    
        1305   3.256411       10.60421    
        1306   4.625628       21.39643    
        1307   4.991532       24.91539    
        1308   3.906236       15.25868    
        1309   2.465523       6.078806    
        1310   4.171636       17.40254    
        1311   3.405228       11.59558    
        1312   5.822872       33.90583    
        1313   7.254598       52.62919    
        1314   4.629404       21.43139    
        1315   4.840334       23.42884    
        1316   5.157172       26.59642    
        1317   5.877936       34.55014    
        1318   3.598023       12.94577    
        1319   2.907138       8.451451    
        1320   3.690378       13.61889    
        1321   3.581294       12.82567    
        1322   5.944481       35.33685    
        1323   5.341829       28.53514    
        1324   3.597166       12.93960    
        1325   4.876372       23.77901    
        1326   4.200424       17.64356    
        1327   1.538228       2.366146    
        1328   4.876487       23.78012    
        1329   3.505052       12.28539    
        1330   4.817955       23.21269    
        1331   5.002944       25.02945    
        1332   5.742752       32.97920    
        1333   2.616143       6.844205    
        1334   4.257224       18.12395    
        1335   3.203127       10.26002    
        1336   3.995262       15.96212    
        1337   3.778507       14.27711    
        1338   4.605295       21.20874    
        1339   4.566629       20.85410    
        1340   5.029806       25.29895    
        1341   5.252439       27.58812    
        1342   5.418477       29.35988    
        1343   4.735298       22.42305    
        1344   4.977143       24.77196    
        1345   3.692031       13.63110    
        1346   4.328072       18.73221    
        1347   3.912539       15.30796    
        1348   3.038595       9.233063    
        1349   3.293116       10.84461    
        1350   5.133819       26.35610    
        1351   5.723792       32.76179    
        1352   5.814813       33.81205    
        1353   3.761008       14.14518    
        1354   5.390912       29.06193    
        1355   3.397638       11.54395    
        1356   2.465829       6.080312    
        1357   6.113232       37.37161    
        1358   7.022408       49.31421    
        1359   4.546391       20.66967    
        1360   4.695844       22.05095    
        1361   3.327163       11.07002    
        1362   5.660395       32.04007    
        1363   4.328341       18.73454    
        1364   5.578950       31.12469    
        1365   2.358446       5.562268    
        1366   4.059020       16.47565    
        1367   3.858837       14.89062    
        1368   5.209799       27.14200    
        1369   6.033372       36.40158    
        1370   4.041288       16.33201    
        1371   6.468019       41.83526    
        1372   2.141067       4.584169    
        1373   3.554902       12.63733    
        1374   6.863744       47.11098    
        1375   3.347181       11.20362    
        1376   5.397183       29.12959    
        1377   2.648384       7.013937    
        1378   5.458848       29.79902    
        1379   3.573013       12.76642    
        1380   4.126507       17.02806    
        1381   5.259737       27.66483    
        1382   4.714417       22.22573    
        1383   4.268218       18.21769    
        1384   4.867866       23.69611    
        1385   2.985870       8.915420    
        1386   3.446528       11.87855    
        1387   4.705310       22.13995    
        1388   4.101488       16.82220    
        1389   4.729449       22.36769    
        1390   4.368172       19.08093    
        1391   3.947945       15.58627    
        1392   4.383741       19.21719    
        1393   4.722528       22.30227    
        1394   7.406944       54.86282    
        1395   2.845430       8.096472    
        1396   5.490357       30.14402    
        1397   4.609044       21.24328    
        1398   4.782802       22.87520    
        1399   5.448012       29.68084    
        1400   4.965622       24.65740    
        1401   4.917558       24.18237    
        1402   5.285964       27.94141    
        1403   5.608321       31.45326    
        1404   5.621939       31.60620    
        1405   5.203684       27.07832    
        1406   2.291823       5.252454    
        1407   1.454532       2.115663    
        1408   4.780645       22.85457    
        1409   3.753553       14.08916    
        1410   4.473025       20.00796    
        1411   4.294011       18.43853    
        1412   7.092428       50.30255    
        1413   5.764969       33.23487    
        1414   4.970302       24.70390    
        1415   6.564896       43.09786    
        1416   4.879539       23.80990    
        1417   3.380913       11.43057    
        1418   6.138568       37.68202    
        1419   3.365796       11.32858    
        1420   4.217469       17.78705    
        1421   4.056157       16.45241    
        1422   5.033045       25.33154    
        1423   3.330782       11.09411    
        1424   4.745166       22.51660    
        1425   3.790254       14.36603    
        1426   5.963575       35.56423    
        1427   3.364684       11.32110    
        1428   5.305343       28.14666    
        1429   3.838617       14.73498    
        1430   5.004296       25.04298    
        1431   4.082769       16.66901    
        1432   3.722977       13.86056    
        1433   4.967513       24.67618    
        1434   5.579983       31.13621    
        1435   5.325812       28.36428    
        1436   4.395482       19.32026    
        1437   3.856966       14.87619    
        1438   7.068109       49.95817    
        1439   3.963594       15.71008    
        1440   5.517024       30.43755    
        1441   4.265451       18.19407    
        1442   5.604520       31.41065    
        1443   3.248524       10.55291    
        1444   6.070076       36.84582    
        1445   5.072432       25.72956    
        1446   4.544314       20.65079    
        1447   6.649400       44.21452    
        1448   4.395899       19.32393    
        1449   2.555080       6.528435    
        1450   4.636995       21.50172    
        1451   4.121902       16.99007    
        1452   6.016562       36.19902    
        1453   3.905798       15.25526    
        1454   3.331946       11.10186    
        1455   2.828924       8.002813    
        1456   4.751115       22.57310    
        1457   4.817643       23.20968    
        1458   2.157821       4.656193    
        1459   5.730213       32.83534    
        1460   3.925352       15.40839    
        1461   4.670900       21.81730    
        1462   3.394126       11.52009    
        1463   3.038179       9.230529    
        1464   5.266221       27.73309    
        1465   4.988060       24.88075    
        1466   5.607248       31.44123    
        1467   6.122318       37.48278    
        1468   4.940234       24.40591    
        1469   3.683269       13.56647    
        1470   5.195112       26.98919    
        1471   4.935085       24.35507    
        1472   4.017993       16.14427    
        1473   3.753281       14.08712    
        1474   4.526895       20.49278    
        1475   4.041098       16.33048    
        1476   2.286329       5.227301    
        1477   4.296333       18.45848    
        1478   4.568107       20.86760    
        1479   4.595723       21.12067    
        1480   4.802301       23.06210    
        1481   2.283357       5.213719    
        1482   5.479244       30.02211    
        1483   4.354943       18.96552    
        1484   5.089781       25.90588    
        1485   4.416860       19.50865    
        1486   5.046416       25.46632    
        1487   4.985992       24.86012    
        1488   6.440021       41.47387    
        1489   4.727685       22.35101    
        1490   4.222034       17.82557    
        1491   4.584230       21.01516    
        1492   4.902118       24.03076    
        1493   5.948014       35.37887    
        1494   4.703611       22.12396    
        1495   4.872958       23.74572    
        1496   5.357934       28.70746    
        1497   5.534228       30.62768    
        1498   3.316974       11.00232    
        1499   3.606603       13.00758    
        1500   5.220431       27.25290    
