           1   3.853361       14.84839    
           2   4.256241       18.11559    
           3   5.279757       27.87583    
           4   4.873822       23.75414    
           5   4.038979       16.31335    
           6   4.887730       23.88990    
           7   4.582673       21.00089    
           8   4.955135       24.55337    
           9   5.733269       32.87037    
          10   2.124540       4.513670    
          11   5.999982       35.99978    
          12   3.753901       14.09177    
          13   7.180533       51.56005    
          14   3.417907       11.68209    
          15   5.988096       35.85730    
          16   5.131627       26.33359    
          17   4.655989       21.67824    
          18   5.015164       25.15187    
          19   5.985723       35.82889    
          20   6.101545       37.22885    
          21   5.315748       28.25717    
          22   4.439485       19.70902    
          23   3.562635       12.69237    
          24   3.875941       15.02292    
          25   2.338461       5.468399    
          26   6.075138       36.90730    
          27   3.704761       13.72525    
          28   4.603335       21.19070    
          29   3.489244       12.17482    
          30   2.864691       8.206452    
          31   5.458019       29.78997    
          32   4.537192       20.58612    
          33   5.199578       27.03562    
          34   2.747397       7.548193    
          35   3.138446       9.849845    
          36   4.450149       19.80382    
          37   2.906544       8.448000    
          38   5.994678       35.93617    
          39   4.531296       20.53264    
          40   6.279788       39.43574    
          41   4.548991       20.69332    
          42   4.887449       23.88716    
          43   3.816583       14.56631    
          44   3.847252       14.80135    
          45   5.208138       27.12470    
          46   4.545879       20.66502    
          47   3.810035       14.51636    
          48   1.489028       2.217205    
          49   2.697319       7.275529    
          50   6.041072       36.49456    
          51   5.869360       34.44938    
          52   6.702252       44.92018    
          53   6.102248       37.23743    
          54   4.671432       21.82227    
          55   3.598709       12.95071    
          56   4.491597       20.17444    
          57   5.889071       34.68115    
          58   4.999302       24.99302    
          59   4.003073       16.02459    
          60   4.099109       16.80270    
          61   4.179001       17.46405    
          62   5.076875       25.77466    
          63   5.140166       26.42130    
          64   4.068649       16.55390    
          65   5.060238       25.60601    
          66   1.563222       2.443664    
          67   5.590249       31.25089    
          68   4.695743       22.05000    
          69   3.550151       12.60357    
          70   3.231669       10.44368    
          71   4.123933       17.00683    
          72   3.805191       14.47948    
          73   5.575758       31.08908    
          74   4.386379       19.24032    
          75   3.823169       14.61662    
          76   5.147231       26.49399    
          77   6.912441       47.78184    
          78   4.557573       20.77147    
          79   3.394567       11.52309    
          80   2.446986       5.987742    
          81   4.136040       17.10683    
          82   3.461928       11.98495    
          83   4.764153       22.69715    
          84   6.736366       45.37863    
          85   2.635825       6.947572    
          86   5.955111       35.46334    
          87   4.415636       19.49784    
          88   3.700427       13.69316    
          89   5.933785       35.20980    
          90   4.304222       18.52633    
          91   3.855512       14.86497    
          92   5.266866       27.73988    
          93   5.492372       30.16615    
          94   4.367127       19.07180    
          95   4.968794       24.68891    
          96   3.731694       13.92554    
          97   3.605940       13.00280    
          98   3.911817       15.30231    
          99   4.182341       17.49197    
         100   5.437944       29.57124    
         101   2.545148       6.477779    
         102   4.642160       21.54965    
         103   4.595629       21.11981    
         104   5.875216       34.51816    
         105   3.439729       11.83173    
         106   3.731869       13.92685    
         107   4.540935       20.62008    
         108   5.326993       28.37685    
         109   4.571512       20.89872    
         110   4.180064       17.47293    
         111   5.819242       33.86357    
         112   3.812419       14.53454    
         113   5.955258       35.46510    
         114   3.802507       14.45906    
         115   4.187284       17.53334    
         116   1.522137       2.316900    
         117   4.730217       22.37496    
         118   3.133997       9.821939    
         119   6.617010       43.78482    
         120   4.067965       16.54834    
         121   4.871807       23.73451    
         122   3.899776       15.20825    
         123   3.547129       12.58212    
         124   5.001831       25.01831    
         125   5.453818       29.74413    
         126   5.368376       28.81947    
         127   3.920030       15.36663    
         128   3.042314       9.255672    
         129   5.509560       30.35525    
         130   5.052515       25.52790    
         131   2.386949       5.697526    
         132   6.071532       36.86350    
         133   3.861497       14.91116    
         134   4.318582       18.65015    
         135   2.840522       8.068565    
         136   4.590262       21.07050    
         137   5.408294       29.24964    
         138   5.667218       32.11736    
         139   3.799941       14.43955    
         140   3.524987       12.42554    
         141   3.984869       15.87918    
         142   3.312504       10.97268    
         143   3.586145       12.86043    
         144   3.949199       15.59618    
         145   3.038434       9.232084    
         146   4.395527       19.32066    
         147   5.792398       33.55187    
         148   5.612077       31.49541    
         149   1.622906       2.633824    
         150   3.843989       14.77625    
         151   5.805665       33.70575    
         152   3.949354       15.59740    
         153   4.807093       23.10814    
         154   3.117732       9.720252    
         155   3.349407       11.21853    
         156   6.262675       39.22110    
         157   6.159520       37.93969    
         158   5.658784       32.02184    
         159   6.296790       39.64956    
         160   4.143593       17.16936    
         161   2.498559       6.242795    
         162   2.063496       4.258017    
         163   1.817968       3.305010    
         164   4.747044       22.53443    
         165   6.145760       37.77037    
         166   4.813327       23.16812    
         167   4.886124       23.87421    
         168   3.196770       10.21934    
         169   4.643340       21.56060    
         170   4.369449       19.09208    
         171   3.950985       15.61028    
         172   4.727962       22.35363    
         173   3.514333       12.35053    
         174   4.756017       22.61970    
         175   2.954976       8.731885    
         176   5.211564       27.16040    
         177   3.308220       10.94432    
         178   4.677142       21.87566    
         179   5.410216       29.27044    
         180   3.596672       12.93605    
         181   4.323265       18.69062    
         182   6.358867       40.43520    
         183   4.475183       20.02727    
         184   4.353524       18.95317    
         185   5.970185       35.64312    
         186   4.748227       22.54566    
         187   5.450605       29.70909    
         188   2.387065       5.698080    
         189   4.078094       16.63084    
         190   5.317502       28.27583    
         191   3.835865       14.71386    
         192   3.726003       13.88310    
         193   5.326536       28.37199    
         194   4.635952       21.49206    
         195   3.552824       12.62256    
         196   4.070122       16.56589    
         197   3.953288       15.62849    
         198   4.587494       21.04510    
         199   4.316392       18.63124    
         200   3.821079       14.60064    
         201   2.391792       5.720667    
         202   5.456877       29.77751    
         203   3.801322       14.45005    
         204   6.032366       36.38945    
         205   5.741085       32.96006    
         206   2.654967       7.048851    
         207   5.922232       35.07283    
         208   4.785964       22.90545    
         209   5.177189       26.80329    
         210   5.706425       32.56329    
         211   4.563802       20.82829    
         212   5.407680       29.24300    
         213   2.966890       8.802435    
         214   2.374989       5.640574    
         215   4.003089       16.02472    
         216   4.048862       16.39328    
         217   3.289132       10.81839    
         218   5.062698       25.63091    
         219   3.842701       14.76635    
         220   5.312826       28.22612    
         221   5.220615       27.25482    
         222   3.500323       12.25226    
         223   5.557992       30.89127    
         224   4.787148       22.91679    
         225   6.971560       48.60265    
         226   5.868256       34.43642    
         227   4.089947       16.72766    
         228   3.033929       9.204728    
         229   3.972727       15.78256    
         230   4.828580       23.31519    
         231   5.417407       29.34830    
         232   5.156768       26.59226    
         233   4.980745       24.80782    
         234   6.357871       40.42253    
         235   6.040464       36.48721    
         236   4.112478       16.91248    
         237   4.240103       17.97847    
         238   6.085653       37.03518    
         239   3.958099       15.66655    
         240   3.007771       9.046690    
         241   5.979536       35.75485    
         242   4.219898       17.80754    
         243   5.094563       25.95458    
         244   3.940125       15.52459    
         245   3.860174       14.90095    
         246   4.268801       18.22266    
         247   3.389295       11.48732    
         248   3.679359       13.53768    
         249   4.566631       20.85413    
         250   3.655773       13.36468    
         251   4.221168       17.81825    
         252   3.751977       14.07733    
         253   5.824472       33.92447    
         254   2.934449       8.610990    
         255   4.792038       22.96363    
         256   2.465476       6.078573    
         257   2.970989       8.826777    
         258   4.325068       18.70621    
         259   3.962725       15.70319    
         260   4.696959       22.06142    
         261   4.291033       18.41297    
         262   4.183578       17.50233    
         263   4.161159       17.31524    
         264   3.734053       13.94315    
         265   4.293962       18.43811    
         266   2.567623       6.592689    
         267   2.773419       7.691855    
         268   4.426590       19.59470    
         269   3.869909       14.97620    
         270   3.453228       11.92478    
         271   5.720195       32.72063    
         272   5.091081       25.91911    
         273   2.859321       8.175716    
         274   5.880918       34.58519    
         275   4.871313       23.72968    
         276   4.328118       18.73261    
         277   6.295583       39.63437    
         278   4.195217       17.59985    
         279   2.864415       8.204873    
         280   4.993352       24.93357    
         281   2.598766       6.753583    
         282   3.679149       13.53614    
         283   5.217585       27.22319    
         284   3.995701       15.96563    
         285   7.121505       50.71584    
         286   4.365959       19.06160    
         287   4.494753       20.20280    
         288   3.492003       12.19409    
         289   4.399507       19.35566    
         290   4.829495       23.32403    
         291   4.003331       16.02666    
         292   2.637599       6.956926    
         293   5.523415       30.50811    
         294   5.951631       35.42191    
         295   3.216580       10.34638    
         296   5.058566       25.58908    
         297   5.566608       30.98713    
         298   4.564744       20.83689    
         299   4.467771       19.96097    
         300   4.459543       19.88753    
         301   3.802191       14.45666    
         302   2.856146       8.157569    
         303   5.432222       29.50904    
         304   4.124024       17.00758    
         305   3.451465       11.91261    
         306   4.028298       16.22718    
         307   3.753523       14.08894    
         308   4.477232       20.04560    
         309   4.293257       18.43205    
         310   5.221456       27.26361    
         311   5.400475       29.16512    
         312   4.693006       22.02431    
         313   2.101675       4.417039    
         314   2.240039       5.017773    
         315   6.372245       40.60551    
         316   5.523944       30.51395    
         317   4.534819       20.56458    
         318   3.150007       9.922547    
         319   7.094136       50.32677    
         320   3.409168       11.62243    
         321   3.609492       13.02843    
         322   3.523861       12.41760    
         323   5.416114       29.33429    
         324   5.154095       26.56469    
         325   1.997006       3.988034    
         326   3.622247       13.12067    
         327   4.631215       21.44815    
         328   4.874807       23.76375    
         329   3.828337       14.65617    
         330   5.860448       34.34485    
         331   4.453959       19.83775    
         332   5.232830       27.38250    
         333   6.205595       38.50941    
         334   2.836044       8.043145    
         335   3.919194       15.36008    
         336   4.420869       19.54409    
         337   3.509423       12.31605    
         338   3.663148       13.41865    
         339   3.332265       11.10399    
         340   4.133192       17.08327    
         341   2.832538       8.023273    
         342   3.973576       15.78931    
         343   4.003166       16.02534    
         344   5.824993       33.93055    
         345   5.480302       30.03372    
         346   5.609070       31.46167    
         347   4.025640       16.20578    
         348   5.002755       25.02755    
         349   4.790547       22.94934    
         350   4.177513       17.45161    
         351   6.430929       41.35684    
         352   3.870031       14.97714    
         353   3.754994       14.09998    
         354   5.475381       29.97979    
         355   2.724260       7.421595    
         356   4.654762       21.66681    
         357   3.369910       11.35629    
         358   3.635084       13.21384    
         359   4.885166       23.86484    
         360   2.851584       8.131534    
         361   5.707975       32.58099    
         362   3.878811       15.04517    
         363   4.252226       18.08143    
         364   3.418607       11.68687    
         365   5.377692       28.91957    
         366   3.163991       10.01084    
         367   4.833609       23.36378    
         368   4.886675       23.87959    
         369   3.135091       9.828794    
         370   4.084551       16.68356    
         371   3.954643       15.63920    
         372   1.882522       3.543889    
         373   4.385331       19.23113    
         374   2.499316       6.246583    
         375   5.325303       28.35885    
         376   3.348938       11.21538    
         377   4.609710       21.24943    
         378   3.176082       10.08750    
         379   3.629285       13.17171    
         380   3.640942       13.25646    
         381   5.091815       25.92659    
         382   2.984821       8.909157    
         383   4.806875       23.10604    
         384   4.239747       17.97545    
         385   3.766140       14.18381    
         386   3.018936       9.113973    
         387   2.735140       7.480993    
         388   3.383577       11.44859    
         389   3.483211       12.13276    
         390   2.847108       8.106025    
         391   5.171227       26.74158    
         392   4.048307       16.38879    
         393   5.465855       29.87556    
         394   5.109384       26.10580    
         395   4.963206       24.63342    
         396   3.725758       13.88127    
         397   4.208067       17.70783    
         398   4.066437       16.53591    
         399   5.303728       28.12953    
         400   5.664584       32.08751    
         401   3.677972       13.52748    
         402   4.538048       20.59388    
         403   3.895448       15.17452    
         404   1.786467       3.191465    
         405   3.263869       10.65284    
         406   6.229678       38.80889    
         407   3.838613       14.73495    
         408   4.639780       21.52756    
         409   4.986709       24.86727    
         410   3.633111       13.19949    
         411   5.305389       28.14715    
         412   2.601134       6.765900    
         413   2.765768       7.649470    
         414   3.400426       11.56289    
         415   5.567991       31.00252    
         416   5.699627       32.48576    
         417   4.555746       20.75482    
         418   4.202125       17.65785    
         419   5.680855       32.27211    
         420   5.868705       34.44170    
         421   3.660107       13.39639    
         422   6.010883       36.13071    
         423   5.359254       28.72161    
         424   6.848673       46.90433    
         425   3.554591       12.63512    
         426   3.894488       15.16704    
         427   4.073174       16.59075    
         428   4.212701       17.74685    
         429   2.413415       5.824571    
         430   4.310470       18.58015    
         431   4.677420       21.87826    
         432   2.889599       8.349784    
         433   5.705703       32.55505    
         434   4.310629       18.58153    
         435   4.050072       16.40309    
         436   4.445202       19.75982    
         437   3.762265       14.15464    
         438   5.989742       35.87701    
         439   5.699705       32.48664    
         440   4.797632       23.01727    
         441   4.593248       21.09793    
         442   3.992453       15.93968    
         443   2.695181       7.263999    
         444   4.332077       18.76689    
         445   5.117504       26.18885    
         446   5.363885       28.77126    
         447   5.291783       28.00297    
         448   4.043012       16.34595    
         449   5.961983       35.54524    
         450   4.406677       19.41881    
         451   5.127037       26.28651    
         452   4.377285       19.16063    
         453   4.103023       16.83480    
         454   4.084758       16.68525    
         455   4.817804       23.21124    
         456   4.721584       22.29336    
         457   3.265094       10.66084    
         458   4.575848       20.93839    
         459   5.227242       27.32406    
         460   4.701804       22.10697    
         461   4.240705       17.98357    
         462   4.065509       16.52836    
         463   3.002452       9.014720    
         464   5.509685       30.35663    
         465   5.618343       31.56578    
         466   6.513742       42.42884    
         467   3.097527       9.594677    
         468   5.291467       27.99962    
         469   4.644062       21.56731    
         470   5.745961       33.01607    
         471   5.714262       32.65280    
         472   5.096474       25.97405    
         473   3.513409       12.34404    
         474   2.309478       5.333689    
         475   4.522305       20.45124    
         476   4.680417       21.90630    
         477   4.345175       18.88055    
         478   5.266237       27.73325    
         479   5.372737       28.86631    
         480   3.563210       12.69646    
         481   5.038232       25.38378    
         482   6.033007       36.39717    
         483   2.626942       6.900825    
         484   3.685859       13.58556    
         485   2.672960       7.144712    
         486   3.762839       14.15896    
         487   5.637652       31.78313    
         488   4.472315       20.00161    
         489   4.770266       22.75544    
         490   6.010905       36.13097    
         491   5.847183       34.18954    
         492   3.744654       14.02243    
         493   3.934764       15.48236    
         494   4.679962       21.90204    
         495   5.564054       30.95871    
         496   3.820474       14.59603    
         497   4.642716       21.55481    
         498   4.070883       16.57209    
         499   4.650856       21.63045    
         500   5.178803       26.82001    
         501   4.847605       23.49928    
         502   6.675312       44.55979    
         503   4.141921       17.15551    
         504   3.638543       13.23900    
         505   3.282248       10.77315    
         506   5.293130       28.01722    
         507   3.123740       9.757751    
         508   6.267788       39.28516    
         509   4.947411       24.47687    
         510   4.307817       18.55729    
         511   6.053632       36.64647    
         512   4.183780       17.50401    
         513   3.686684       13.59164    
         514   2.042067       4.170037    
         515   4.623460       21.37638    
         516   3.928547       15.43348    
         517   5.597921       31.33672    
         518   4.517915       20.41155    
         519   4.536140       20.57656    
         520   4.603921       21.19609    
         521   2.176104       4.735430    
         522   2.936612       8.623690    
         523   3.720049       13.83877    
         524   4.100958       16.81786    
         525   5.239623       27.45364    
         526   4.900213       24.01209    
         527   4.888766       23.90003    
         528   3.867320       14.95617    
         529   3.331751       11.10056    
         530   3.565122       12.71009    
         531   4.757957       22.63815    
         532   5.062625       25.63017    
         533   3.081984       9.498625    
         534   5.707419       32.57463    
         535   5.133741       26.35530    
         536   2.333081       5.443265    
         537   5.884385       34.62598    
         538   4.180895       17.47989    
         539   5.808621       33.74008    
         540   1.798914       3.236091    
         541   4.085991       16.69533    
         542   4.623604       21.37772    
         543   3.875002       15.01564    
         544   4.359071       19.00150    
         545   6.194849       38.37616    
         546   4.284410       18.35617    
         547   3.830599       14.67349    
         548   4.681689       21.91821    
         549   2.555795       6.532088    
         550   5.867290       34.42509    
         551   3.662586       13.41454    
         552   5.636643       31.77175    
         553   4.426317       19.59229    
         554   5.276003       27.83620    
         555   4.444160       19.75056    
         556   3.509757       12.31840    
         557   3.955708       15.64762    
         558   5.624395       31.63382    
         559   3.732004       13.92786    
         560   6.494515       42.17873    
         561   3.432552       11.78241    
         562   3.679966       13.54215    
         563   4.700388       22.09365    
         564   4.056402       16.45440    
         565   3.474711       12.07362    
         566   4.822417       23.25571    
         567   4.945061       24.45363    
         568   4.929397       24.29896    
         569   4.932539       24.32994    
         570   5.777476       33.37923    
         571   4.811135       23.14703    
         572   2.396125       5.741414    
         573   4.997573       24.97574    
         574   2.882301       8.307658    
         575   1.983212       3.933130    
         576   4.749015       22.55315    
         577   3.942807       15.54572    
         578   5.995106       35.94130    
         579   3.910610       15.29287    
         580   5.383175       28.97857    
         581   4.972075       24.72153    
         582   3.192986       10.19516    
         583   4.342589       18.85808    
         584   2.762810       7.633121    
         585   6.579659       43.29192    
         586   3.292446       10.84020    
         587   4.944791       24.45096    
         588   4.148307       17.20845    
         589   2.981036       8.886579    
         590   2.581235       6.662776    
         591   3.103194       9.629813    
         592   3.872123       14.99333    
         593   3.350508       11.22590    
         594   2.650149       7.023288    
         595   4.573555       20.91741    
         596   3.525876       12.43180    
         597   5.058671       25.59016    
         598   3.549193       12.59677    
         599   5.776847       33.37197    
         600   3.853199       14.84715    
         601   5.056645       25.56966    
         602   5.421550       29.39320    
         603   4.112043       16.90890    
         604   2.637087       6.954228    
         605   2.535886       6.430717    
         606   4.292850       18.42856    
         607   5.473240       29.95636    
         608   6.120395       37.45923    
         609   6.150082       37.82351    
         610   4.704504       22.13235    
         611   3.455652       11.94154    
         612   4.240005       17.97764    
         613   1.635419       2.674596    
         614   4.767687       22.73084    
         615   4.683755       21.93757    
         616   6.366556       40.53303    
         617   4.595920       21.12248    
         618   4.148016       17.20604    
         619   3.664641       13.42959    
         620   3.844628       14.78117    
         621   4.568482       20.87103    
         622   5.264997       27.72020    
         623   5.307157       28.16592    
         624   3.921326       15.37679    
         625   3.024923       9.150159    
         626   5.567688       30.99916    
         627   2.240254       5.018738    
         628   4.376135       19.15055    
         629   3.808459       14.50436    
         630   5.478884       30.01817    
         631   5.487326       30.11075    
         632   7.304708       53.35876    
         633   4.289104       18.39642    
         634   4.746476       22.52903    
         635   5.214976       27.19598    
         636   3.617276       13.08468    
         637   2.730086       7.453372    
         638   3.379317       11.41978    
         639   3.243512       10.52037    
         640   4.429623       19.62156    
         641   3.664773       13.43057    
         642   3.297006       10.87025    
         643   4.993495       24.93499    
         644   4.451894       19.81936    
         645   5.888452       34.67386    
         646   4.253263       18.09024    
         647   3.867437       14.95707    
         648   3.461092       11.97916    
         649   6.013628       36.16372    
         650   1.705568       2.908962    
         651   5.759232       33.16875    
         652   5.380383       28.94852    
         653   6.605020       43.62629    
         654   5.841603       34.12432    
         655   5.095147       25.96052    
         656   5.478695       30.01610    
         657   3.337205       11.13694    
         658   4.157187       17.28220    
         659   3.229278       10.42824    
         660   5.694395       32.42614    
         661   3.747810       14.04608    
         662   2.474417       6.122738    
         663   4.201940       17.65630    
         664   1.969898       3.880499    
         665   1.894277       3.588286    
         666   6.183135       38.23115    
         667   1.926442       3.711178    
         668   4.363598       19.04099    
         669   6.257763       39.15960    
         670   4.385985       19.23686    
         671   3.291751       10.83563    
         672   2.640796       6.973804    
         673   5.445436       29.65278    
         674   3.530686       12.46574    
         675   4.001355       16.01084    
         676   4.426428       19.59326    
         677   4.969201       24.69296    
         678   5.416110       29.33425    
         679   4.070757       16.57106    
         680   2.414196       5.828342    
         681   3.393230       11.51401    
         682   6.058193       36.70171    
         683   3.581083       12.82415    
         684   4.470805       19.98809    
         685   5.673932       32.19350    
         686   3.844665       14.78145    
         687   4.507731       20.31964    
         688   7.049027       49.68878    
         689   3.758306       14.12487    
         690   4.360549       19.01439    
         691   2.589914       6.707653    
         692   5.125515       26.27090    
         693   3.408369       11.61698    
         694   4.479880       20.06932    
         695   4.474085       20.01743    
         696   6.976449       48.67083    
         697   3.303315       10.91189    
         698   5.824053       33.91959    
         699   4.907910       24.08758    
         700   4.198742       17.62944    
         701   3.469444       12.03704    
         702   4.637235       21.50394    
         703   5.358994       28.71881    
         704   6.476064       41.93941    
         705   3.200186       10.24119    
         706   4.520710       20.43682    
         707   4.726440       22.33924    
         708   2.855214       8.152248    
         709   6.258936       39.17428    
         710   4.251216       18.07284    
         711   4.684189       21.94163    
         712   2.678732       7.175607    
         713   4.386845       19.24441    
         714   4.359121       19.00194    
         715   4.745928       22.52384    
         716   3.353236       11.24419    
         717   4.305301       18.53562    
         718   5.122843       26.24352    
         719   4.904752       24.05660    
         720   2.548321       6.493943    
         721   3.995553       15.96445    
         722   3.682281       13.55920    
         723   5.387423       29.02432    
         724   5.311006       28.20679    
         725   5.839476       34.09948    
         726   4.339625       18.83235    
         727   3.419895       11.69569    
         728   3.206124       10.27923    
         729   2.637335       6.955534    
         730   3.536019       12.50343    
         731   4.266806       18.20564    
         732   4.499421       20.24479    
         733   4.087957       16.71140    
         734   2.711618       7.352872    
         735   2.683039       7.198698    
         736   4.760026       22.65784    
         737   4.470507       19.98543    
         738   4.135851       17.10527    
         739   5.079037       25.79662    
         740   2.854119       8.145993    
         741   5.978439       35.74173    
         742   4.840656       23.43195    
         743   5.058660       25.59003    
         744   4.663758       21.75064    
         745   4.191835       17.57148    
         746   3.128124       9.785164    
         747   2.120788       4.497742    
         748   5.673240       32.18565    
         749   2.822873       7.968612    
         750   3.288083       10.81149    
         751   4.565889       20.84734    
         752   4.635163       21.48474    
         753   3.263745       10.65203    
         754   5.579088       31.12622    
         755   4.080056       16.64686    
         756   3.097918       9.597094    
         757   4.600754       21.16694    
         758   5.091456       25.92292    
         759   4.276302       18.28675    
         760   4.641200       21.54074    
         761   3.907539       15.26886    
         762   4.246253       18.03066    
         763   4.808802       23.12458    
         764   5.129141       26.30808    
         765   2.932403       8.598988    
         766   3.310587       10.95998    
         767   3.538172       12.51866    
         768   4.801388       23.05333    
         769   5.268507       27.75717    
         770   6.208399       38.54422    
         771   5.404881       29.21274    
         772   5.676912       32.22733    
         773   2.630840       6.921317    
         774   4.709954       22.18367    
         775   4.096711       16.78304    
         776   4.416049       19.50148    
         777   5.029031       25.29115    
         778   4.320093       18.66321    
         779   3.781265       14.29796    
         780   3.689512       13.61250    
         781   3.467776       12.02547    
         782   3.934312       15.47881    
         783   5.785640       33.47363    
         784   3.424493       11.72716    
         785   6.044534       36.53640    
         786   3.895795       15.17722    
         787   5.244113       27.50072    
         788   4.203272       17.66750    
         789   3.548970       12.59519    
         790   5.340351       28.51935    
         791   4.250645       18.06798    
         792   3.488378       12.16878    
         793   3.259985       10.62750    
         794   5.954605       35.45732    
         795   2.933668       8.606405    
         796   5.034087       25.34204    
         797   3.080747       9.491002    
         798   4.991670       24.91677    
         799   4.345455       18.88298    
         800   4.445550       19.76291    
         801   3.987148       15.89735    
         802   4.189993       17.55604    
         803   3.184843       10.14323    
         804   4.339132       18.82807    
         805   4.987811       24.87825    
         806   4.190846       17.56320    
         807   4.065873       16.53132    
         808   5.154545       26.56934    
         809   3.664658       13.42971    
         810   3.324983       11.05551    
         811   3.787585       14.34580    
         812   4.912570       24.13335    
         813   4.226215       17.86090    
         814   4.237834       17.95924    
         815   4.111918       16.90787    
         816   3.032770       9.197696    
         817   3.118008       9.721976    
         818   5.185319       26.88753    
         819   4.728411       22.35787    
         820   4.233746       17.92461    
         821   4.083456       16.67461    
         822   5.119284       26.20707    
         823   3.679127       13.53597    
         824   4.725321       22.32866    
         825   6.124708       37.51205    
         826   3.307548       10.93987    
         827   5.237673       27.43322    
         828   3.459845       11.97053    
         829   4.231786       17.90802    
         830   3.191181       10.18364    
         831   4.027483       16.22063    
         832   6.230138       38.81462    
         833   7.036471       49.51193    
         834   4.202239       17.65881    
         835   3.196110       10.21512    
         836   5.549520       30.79717    
         837   5.726066       32.78783    
         838   3.771518       14.22435    
         839   4.022709       16.18219    
         840   1.424697       2.029760    
         841   3.755270       14.10206    
         842   6.594696       43.49001    
         843   3.912293       15.30604    
         844   5.040422       25.40585    
         845   5.158874       26.61398    
         846   3.364389       11.31912    
         847   2.632411       6.929585    
         848   4.918490       24.19154    
         849   6.276488       39.39430    
         850   7.516531       56.49824    
         851   4.632308       21.45827    
         852   2.107585       4.441917    
         853   3.041479       9.250596    
         854   4.251404       18.07444    
         855   5.948915       35.38959    
         856   3.507940       12.30564    
         857   3.628242       13.16414    
         858   3.801034       14.44786    
         859   4.999325       24.99325    
         860   5.916477       35.00470    
         861   6.455827       41.67770    
         862   3.867768       14.95963    
         863   4.661044       21.72533    
         864   6.819652       46.50765    
         865   5.143081       26.45129    
         866   4.512778       20.36516    
         867   2.919762       8.525011    
         868   5.524511       30.52023    
         869   3.001273       9.007637    
         870   4.458341       19.87680    
         871   3.822841       14.61411    
         872   5.242218       27.48085    
         873   4.197751       17.62111    
         874   3.728305       13.90026    
         875   3.543547       12.55672    
         876   5.441551       29.61047    
         877   5.300793       28.09841    
         878   4.348519       18.90962    
         879   2.838379       8.056394    
         880   4.591033       21.07758    
         881   3.102182       9.623531    
         882   6.089882       37.08667    
         883   4.723273       22.30931    
         884   4.192632       17.57816    
         885   4.350781       18.92930    
         886   4.942635       24.42964    
         887   4.165552       17.35182    
         888   4.358605       18.99744    
         889   6.267750       39.28469    
         890   5.109249       26.10443    
         891   4.972169       24.72247    
         892   4.128833       17.04726    
         893   3.482072       12.12483    
         894   5.105227       26.06334    
         895   3.936057       15.49255    
         896   4.750518       22.56742    
         897   4.353362       18.95176    
         898   5.303011       28.12193    
         899   4.178658       17.46118    
         900   5.487257       30.10998    
         901   3.178152       10.10065    
         902   2.560607       6.556711    
         903   2.402948       5.774160    
         904   2.816199       7.930976    
         905   3.219517       10.36529    
         906   4.738272       22.45122    
         907   2.539539       6.449258    
         908   5.718688       32.70339    
         909   5.394914       29.10510    
         910   6.521745       42.53316    
         911   5.425310       29.43398    
         912   3.246893       10.54232    
         913   4.963177       24.63312    
         914   3.285161       10.79228    
         915   4.096820       16.78393    
         916   4.287775       18.38502    
         917   2.462877       6.065763    
         918   5.040155       25.40316    
         919   3.854196       14.85482    
         920   6.471171       41.87606    
         921   4.911902       24.12678    
         922   5.168824       26.71674    
         923   5.363153       28.76341    
         924   4.552255       20.72302    
         925   4.530577       20.52613    
         926   4.185624       17.51945    
         927   3.808017       14.50099    
         928   6.156641       37.90424    
         929   4.863523       23.65385    
         930   4.346281       18.89016    
         931   4.724761       22.32336    
         932   5.988145       35.85788    
         933   4.043793       16.35227    
         934   5.704628       32.54279    
         935   5.749579       33.05766    
         936   4.010143       16.08125    
         937   4.477165       20.04501    
         938   4.316909       18.63571    
         939   4.027235       16.21862    
         940   2.307786       5.325877    
         941   4.158484       17.29299    
         942   4.128895       17.04778    
         943   5.547625       30.77614    
         944   2.621935       6.874542    
         945   3.777919       14.27267    
         946   5.391889       29.07247    
         947   6.319358       39.93429    
         948   2.903047       8.427680    
         949   2.956453       8.740614    
         950   4.021875       16.17548    
         951   2.412048       5.817976    
         952   5.814959       33.81374    
         953   6.005378       36.06457    
         954   4.682010       21.92122    
         955   2.123811       4.510572    
         956   3.214518       10.33313    
         957   6.431325       41.36195    
         958   3.657131       13.37461    
         959   7.012973       49.18179    
         960   2.665843       7.106721    
         961   2.984546       8.907516    
         962   4.243606       18.00819    
         963   3.848259       14.80909    
         964   6.671347       44.50687    
         965   3.764678       14.17280    
         966   2.191221       4.801447    
         967   3.459937       11.97116    
         968   4.762971       22.68590    
         969   3.490873       12.18620    
         970   5.681062       32.27447    
         971   5.913943       34.97473    
         972   3.253788       10.58714    
         973   4.395976       19.32461    
         974   3.322919       11.04179    
         975   4.032708       16.26273    
         976   2.794906       7.811500    
         977   3.833102       14.69267    
         978   3.516956       12.36898    
         979   2.910583       8.471492    
         980   5.302343       28.11485    
         981   4.585884       21.03033    
         982   5.308212       28.17711    
         983   4.321680       18.67692    
         984   4.041541       16.33405    
         985   4.617408       21.32046    
         986   2.665184       7.103208    
         987   4.241483       17.99018    
         988   3.316683       11.00038    
         989   4.860077       23.62035    
         990   4.752715       22.58830    
         991   3.585687       12.85715    
         992   4.945626       24.45922    
         993   4.034597       16.27797    
         994   4.565172       20.84080    
         995   5.359610       28.72542    
         996   2.767078       7.656721    
         997   2.321059       5.387314    
         998   2.703628       7.309606    
         999   5.745765       33.01381    
        1000   4.776783       22.81765    
        1001   3.894241       15.16511    
        1002   5.256873       27.63471    
        1003   3.647741       13.30602    
        1004   4.505879       20.30295    
        1005   2.689852       7.235306    
        1006   5.234392       27.39886    
        1007   5.503142       30.28458    
        1008   6.091823       37.11030    
        1009   6.344710       40.25534    
        1010   5.428490       29.46850    
        1011   2.924432       8.552302    
        1012   2.457592       6.039758    
        1013   4.884064       23.85408    
        1014   4.446557       19.77187    
        1015   3.851388       14.83319    
        1016   4.763631       22.69218    
        1017   4.148461       17.20973    
        1018   3.892158       15.14890    
        1019   4.263066       18.17373    
        1020   3.961530       15.69372    
        1021   6.033078       36.39803    
        1022   4.232247       17.91192    
        1023   4.887615       23.88878    
        1024   4.331199       18.75928    
        1025   5.695676       32.44073    
        1026   3.574666       12.77824    
        1027   5.004125       25.04127    
        1028   3.377885       11.41011    
        1029   5.701089       32.50241    
        1030   6.001223       36.01468    
        1031   5.397741       29.13561    
        1032   5.756742       33.14008    
        1033   3.396080       11.53336    
        1034   4.435592       19.67447    
        1035   4.181629       17.48602    
        1036   3.478841       12.10234    
        1037   3.803067       14.46332    
        1038   6.091173       37.10239    
        1039   3.739806       13.98615    
        1040   5.491492       30.15648    
        1041   5.999548       35.99458    
        1042   2.953262       8.721756    
        1043   6.613240       43.73494    
        1044   3.579852       12.81534    
        1045   4.093949       16.76042    
        1046   4.516682       20.40042    
        1047   4.904559       24.05470    
        1048   5.930775       35.17409    
        1049   4.675321       21.85863    
        1050   3.094010       9.572899    
        1051   2.475919       6.130175    
        1052   4.174669       17.42786    
        1053   3.428016       11.75129    
        1054   2.508645       6.293299    
        1055   4.814276       23.17726    
        1056   5.149271       26.51499    
        1057   2.053522       4.216954    
        1058   3.517183       12.37058    
        1059   4.223773       17.84026    
        1060   4.834451       23.37191    
        1061   4.513184       20.36883    
        1062   4.701427       22.10341    
        1063   2.566312       6.585959    
        1064   5.740933       32.95831    
        1065   3.358503       11.27954    
        1066   3.936961       15.49967    
        1067   3.180666       10.11664    
        1068   4.255686       18.11086    
        1069   4.834044       23.36798    
        1070   5.095781       25.96698    
        1071   6.550331       42.90684    
        1072   6.450323       41.60667    
        1073   5.764952       33.23468    
        1074   4.153863       17.25458    
        1075   3.742857       14.00898    
        1076   6.548881       42.88784    
        1077   5.934133       35.21393    
        1078   4.710965       22.19319    
        1079   4.894729       23.95837    
        1080   5.351299       28.63640    
        1081   3.761588       14.14954    
        1082   3.950119       15.60344    
        1083   5.553499       30.84135    
        1084   4.236825       17.95068    
        1085   5.687260       32.34492    
        1086   3.336466       11.13201    
        1087   4.797611       23.01707    
        1088   2.329272       5.425509    
        1089   4.238690       17.96650    
        1090   3.863591       14.92734    
        1091   5.713907       32.64874    
        1092   3.579350       12.81175    
        1093   4.712532       22.20796    
        1094   2.733734       7.473303    
        1095   5.612020       31.49476    
        1096   4.332911       18.77411    
        1097   6.315115       39.88068    
        1098   4.075992       16.61371    
        1099   4.468701       19.96929    
        1100   6.250973       39.07465    
        1101   4.273979       18.26690    
        1102   5.828347       33.96962    
        1103   4.904090       24.05010    
        1104   3.567216       12.72503    
        1105   5.305454       28.14784    
        1106   5.670589       32.15558    
        1107   4.956401       24.56591    
        1108   4.332678       18.77210    
        1109   5.377951       28.92236    
        1110   3.833106       14.69270    
        1111   5.423507       29.41443    
        1112   3.308806       10.94820    
        1113   3.429770       11.76332    
        1114   4.889924       23.91135    
        1115   4.168192       17.37382    
        1116   4.054390       16.43808    
        1117   6.164907       38.00608    
        1118   3.973944       15.79223    
        1119   2.530958       6.405746    
        1120   4.587487       21.04504    
        1121   5.781399       33.42457    
        1122   3.268796       10.68503    
        1123   4.553169       20.73135    
        1124   5.028898       25.28981    
        1125   5.643413       31.84811    
        1126   5.506377       30.32019    
        1127   3.200083       10.24053    
        1128   5.530103       30.58204    
        1129   4.567841       20.86517    
        1130   3.185077       10.14472    
        1131   4.645666       21.58221    
        1132   4.879436       23.80890    
        1133   3.392960       11.51218    
        1134   3.634883       13.21238    
        1135   4.795708       22.99882    
        1136   2.585230       6.683414    
        1137   4.771517       22.76737    
        1138   5.299179       28.08129    
        1139   3.495667       12.21969    
        1140   3.364857       11.32226    
        1141   2.868778       8.229886    
        1142   5.161140       26.63737    
        1143   6.780510       45.97532    
        1144   2.870527       8.239926    
        1145   4.955606       24.55803    
        1146   4.409987       19.44799    
        1147   2.691991       7.246816    
        1148   3.179637       10.11009    
        1149   5.448498       29.68613    
        1150   4.915839       24.16547    
        1151   4.892000       23.93166    
        1152   3.324440       11.05190    
        1153   3.666457       13.44291    
        1154   3.032737       9.197496    
        1155   4.060947       16.49129    
        1156   4.474839       20.02418    
        1157   4.972606       24.72680    
        1158   5.406527       29.23053    
        1159   3.180037       10.11263    
        1160   5.537740       30.66656    
        1161   2.751034       7.568191    
        1162   2.705927       7.322041    
        1163   4.795880       23.00046    
        1164   3.980411       15.84367    
        1165   2.395191       5.736940    
        1166   3.539928       12.53109    
        1167   2.615981       6.843356    
        1168   3.671723       13.48155    
        1169   4.418184       19.52035    
        1170   4.224666       17.84780    
        1171   4.798086       23.02163    
        1172   5.138121       26.40029    
        1173   5.871594       34.47562    
        1174   4.350163       18.92391    
        1175   2.033009       4.133127    
        1176   4.249523       18.05844    
        1177   5.706583       32.56508    
        1178   5.152434       26.54758    
        1179   3.688611       13.60585    
        1180   2.641706       6.978607    
        1181   5.417102       29.34500    
        1182   5.370858       28.84612    
        1183   6.341287       40.21192    
        1184   5.291780       28.00293    
        1185   3.950939       15.60992    
        1186   3.699679       13.68763    
        1187   5.186392       26.89866    
        1188   5.119971       26.21411    
        1189   2.616166       6.844323    
        1190   3.270714       10.69757    
        1191   3.260897       10.63345    
        1192   3.760658       14.14255    
        1193   4.051862       16.41758    
        1194   4.842583       23.45061    
        1195   4.253359       18.09106    
        1196   5.069600       25.70084    
        1197   3.904181       15.24263    
        1198   4.292648       18.42683    
        1199   3.279123       10.75265    
        1200   4.278718       18.30743    
        1201   2.272720       5.165256    
        1202   2.595919       6.738796    
        1203   3.048530       9.293538    
        1204   2.250717       5.065728    
        1205   3.088249       9.537282    
        1206   4.303084       18.51653    
        1207   2.748282       7.553052    
        1208   5.343567       28.55371    
        1209   5.317860       28.27963    
        1210   5.515669       30.42261    
        1211   5.040284       25.40447    
        1212   3.810454       14.51956    
        1213   5.050367       25.50621    
        1214   5.970176       35.64300    
        1215   2.064859       4.263641    
        1216   3.150345       9.924673    
        1217   4.584035       21.01338    
        1218   4.913468       24.14216    
        1219   5.535943       30.64666    
        1220   3.501139       12.25797    
        1221   4.172534       17.41004    
        1222   4.079587       16.64304    
        1223   5.690844       32.38571    
        1224   5.136701       26.38570    
        1225   4.509688       20.33728    
        1226   3.606482       13.00671    
        1227   4.131743       17.07130    
        1228   3.716189       13.81006    
        1229   4.324153       18.69830    
        1230   4.540457       20.61575    
        1231   4.436975       19.68675    
        1232   3.788644       14.35382    
        1233   2.994481       8.966918    
        1234   3.880137       15.05546    
        1235   2.383845       5.682719    
        1236   5.337281       28.48656    
        1237   2.057801       4.234546    
        1238   4.395437       19.31986    
        1239   2.589103       6.703454    
        1240   4.751890       22.58046    
        1241   2.918726       8.518964    
        1242   2.805405       7.870296    
        1243   1.871145       3.501183    
        1244   3.936670       15.49737    
        1245   4.327870       18.73046    
        1246   3.238655       10.48889    
        1247   4.960710       24.60864    
        1248   3.874514       15.01186    
        1249   3.763566       14.16443    
        1250   4.087885       16.71081    
        1251   3.104363       9.637068    
        1252   4.863917       23.65769    
        1253   5.361732       28.74817    
        1254   6.582820       43.33352    
        1255   4.791042       22.95408    
        1256   4.068734       16.55460    
        1257   3.245326       10.53214    
        1258   3.930782       15.45105    
        1259   4.834797       23.37526    
        1260   3.521809       12.40314    
        1261   2.383392       5.680555    
        1262   2.468467       6.093331    
        1263   4.714917       22.23045    
        1264   3.506477       12.29538    
        1265   3.543339       12.55525    
        1266   5.044381       25.44578    
        1267   4.792865       22.97156    
        1268   4.277518       18.29716    
        1269   4.086540       16.69981    
        1270   3.951307       15.61282    
        1271   4.194564       17.59437    
        1272   3.503112       12.27179    
        1273   3.594501       12.92044    
        1274   4.571301       20.89680    
        1275   3.823189       14.61677    
        1276   5.964561       35.57598    
        1277   2.069184       4.281521    
        1278   5.156748       26.59205    
        1279   3.818879       14.58384    
        1280   5.391402       29.06721    
        1281   3.957986       15.66565    
        1282   5.902047       34.83416    
        1283   5.871399       34.47333    
        1284   3.500427       12.25299    
        1285   3.756622       14.11221    
        1286   5.021246       25.21292    
        1287   4.986400       24.86419    
        1288   4.659281       21.70889    
        1289   5.325257       28.35837    
        1290   5.607877       31.44829    
        1291   4.449839       19.80107    
        1292   3.318658       11.01349    
        1293   2.733579       7.472455    
        1294   4.898480       23.99511    
        1295   3.588351       12.87626    
        1296   4.168979       17.38038    
        1297   4.266539       18.20336    
        1298   4.744723       22.51240    
        1299   3.280354       10.76073    
        1300   4.226601       17.86416    
        1301   3.137221       9.842155    
        1302   2.611832       6.821669    
        1303   2.992715       8.956340    
        1304   3.643635       13.27608    
        1305   4.164091       17.33965    
        1306   4.300252       18.49217    
        1307   4.931441       24.31911    
        1308   5.018037       25.18069    
        1309   5.548630       30.78730    
        1310   4.914827       24.15552    
        1311   3.513727       12.34628    
        1312   5.667942       32.12556    
        1313   4.030411       16.24422    
        1314   5.326350       28.37001    
        1315   5.729631       32.82867    
        1316   5.726451       32.79224    
        1317   4.740000       22.46760    
        1318   5.738884       32.93480    
        1319   3.602404       12.97731    
        1320   4.724110       22.31721    
        1321   2.963445       8.782004    
        1322   3.769370       14.20815    
        1323   3.640857       13.25584    
        1324   4.047919       16.38565    
        1325   3.811015       14.52383    
        1326   5.429532       29.47982    
        1327   4.042894       16.34499    
        1328   3.817052       14.56988    
        1329   4.523077       20.45823    
        1330   3.890209       15.13372    
        1331   5.496939       30.21634    
        1332   3.410711       11.63295    
        1333   3.178637       10.10373    
        1334   3.428034       11.75142    
        1335   3.940279       15.52580    
        1336   2.894306       8.377010    
        1337   4.039466       16.31728    
        1338   4.775413       22.80456    
        1339   3.152676       9.939367    
        1340   1.919090       3.682908    
        1341   5.558068       30.89212    
        1342   5.905154       34.87084    
        1343   2.820888       7.957408    
        1344   2.424436       5.877889    
        1345   3.286975       10.80420    
        1346   3.804603       14.47501    
        1347   3.214000       10.32979    
        1348   1.695443       2.874528    
        1349   3.747792       14.04594    
        1350   4.559592       20.78988    
        1351   5.323168       28.33612    
        1352   4.733878       22.40960    
        1353   5.885285       34.63659    
        1354   5.024800       25.24861    
        1355   5.141278       26.43274    
        1356   3.979939       15.83992    
        1357   5.106724       26.07863    
        1358   6.540971       42.78431    
        1359   4.356398       18.97821    
        1360   3.711611       13.77606    
        1361   5.564221       30.96055    
        1362   3.752944       14.08459    
        1363   3.773571       14.23984    
        1364   4.933436       24.33880    
        1365   3.029653       9.178797    
        1366   3.988674       15.90952    
        1367   5.055163       25.55468    
        1368   3.772364       14.23073    
        1369   4.291291       18.41518    
        1370   5.823482       33.91294    
        1371   5.927712       35.13777    
        1372   3.309606       10.95349    
        1373   5.256682       27.63271    
        1374   6.214806       38.62382    
        1375   7.050092       49.70379    
        1376   2.240560       5.020108    
        1377   3.994040       15.95236    
        1378   4.003692       16.02955    
        1379   5.400394       29.16426    
        1380   2.532363       6.412864    
        1381   3.714422       13.79693    
        1382   3.582920       12.83731    
        1383   5.712428       32.63183    
        1384   5.936140       35.23776    
        1385   2.765593       7.648504    
        1386   5.104597       26.05691    
        1387   4.326715       18.72046    
        1388   4.934190       24.34623    
        1389   4.190003       17.55613    
        1390   4.666144       21.77290    
        1391   6.262673       39.22108    
        1392   3.839537       14.74205    
        1393   3.620966       13.11140    
        1394   5.010093       25.10103    
        1395   3.693981       13.64550    
        1396   4.970416       24.70503    
        1397   4.953541       24.53757    
        1398   3.988909       15.91140    
        1399   3.183281       10.13328    
        1400   3.609442       13.02807    
        1401   2.816202       7.930993    
        1402   4.695133       22.04427    
        1403   3.864804       14.93671    
        1404   5.150531       26.52798    
        1405   5.447025       29.67009    
        1406   7.284369       53.06203    
        1407   4.078370       16.63310    
        1408   3.046544       9.281427    
        1409   5.641851       31.83049    
        1410   4.880258       23.81692    
        1411   3.625606       13.14502    
        1412   2.187854       4.786703    
        1413   4.831003       23.33859    
        1414   6.018156       36.21820    
        1415   3.363212       11.31119    
        1416   3.010762       9.064687    
        1417   3.997275       15.97821    
        1418   4.899588       24.00596    
        1419   4.062870       16.50691    
        1420   1.919508       3.684510    
        1421   4.004849       16.03881    
        1422   4.496979       20.22282    
        1423   4.398035       19.34271    
        1424   5.839132       34.09547    
        1425   3.823560       14.61961    
        1426   4.517469       20.40753    
        1427   4.170603       17.39393    
        1428   3.985259       15.88229    
        1429   2.670978       7.134123    
        1430   3.729347       13.90803    
        1431   4.056637       16.45630    
        1432   4.691936       22.01426    
        1433   3.753466       14.08850    
        1434   7.146872       51.07777    
        1435   5.256007       27.62561    
        1436   4.338714       18.82444    
        1437   2.345136       5.499663    
        1438   4.278862       18.30866    
        1439   5.020234       25.20274    
        1440   2.017469       4.070180    
        1441   4.368918       19.08745    
        1442   3.646028       13.29352    
        1443   3.746744       14.03809    
        1444   5.477487       30.00286    
        1445   5.132159       26.33906    
        1446   4.284921       18.36055    
        1447   3.662200       13.41171    
        1448   5.611662       31.49075    
        1449   4.985306       24.85327    
        1450   4.882574       23.83953    
        1451   3.018260       9.109897    
        1452   5.512247       30.38486    
        1453   2.663928       7.096511    
        1454   5.799774       33.63738    
        1455   5.764772       33.23260    
        1456   4.105486       16.85502    
        1457   4.749750       22.56013    
        1458   5.700762       32.49869    
        1459   2.175786       4.734043    
        1460   3.708975       13.75649    
        1461   3.852176       14.83926    
        1462   2.644222       6.991910    
        1463   2.141076       4.584204    
        1464   6.038411       36.46241    
        1465   3.726240       13.88487    
        1466   3.064232       9.389519    
        1467   7.009479       49.13280    
        1468   5.172071       26.75033    
        1469   3.669680       13.46655    
        1470   3.995635       15.96510    
        1471   3.379646       11.42201    
        1472   4.902215       24.03172    
        1473   4.174129       17.42335    
        1474   5.041964       25.42140    
        1475   3.982965       15.86401    
        1476   3.248700       10.55405    
        1477   2.122519       4.505087    
        1478   3.250209       10.56386    
        1479   5.362399       28.75532    
        1480   3.225123       10.40142    
        1481   5.449306       29.69494    
        1482   5.326218       28.36860    
        1483   3.648369       13.31060    
        1484   4.157517       17.28495    
        1485   3.045105       9.272664    
        1486   5.281144       27.89049    
        1487   4.141053       17.14832    
        1488   4.200255       17.64215    
        1489   3.552409       12.61961    
        1490   3.294915       10.85647    
        1491   3.816872       14.56851    
        1492   4.200812       17.64682    
        1493   4.603352       21.19085    
        1494   6.130549       37.58363    
        1495   4.523694       20.46381    
        1496   4.902219       24.03175    
        1497   2.591678       6.716796    
        1498   3.991295       15.93043    
        1499   4.278194       18.30295    
        1500   3.900498       15.21389    
