           1   3.411350       11.63731    
           2   4.617626       21.32247    
           3   4.703806       22.12580    
           4   3.642058       13.26459    
           5   4.460050       19.89204    
           6   3.770611       14.21750    
           7   3.595434       12.92715    
           8   3.933093       15.46922    
           9   5.293489       28.02103    
          10   3.010490       9.063051    
          11   3.452221       11.91783    
          12   5.872536       34.48668    
          13   4.838602       23.41207    
          14   3.067717       9.410886    
          15   4.361237       19.02039    
          16   4.968774       24.68871    
          17   4.128375       17.04348    
          18   2.292609       5.256056    
          19   5.358684       28.71549    
          20   6.116016       37.40565    
          21   3.393114       11.51322    
          22   4.168052       17.37266    
          23   5.420956       29.38676    
          24   5.295992       28.04753    
          25   2.024827       4.099925    
          26   5.493956       30.18356    
          27   3.720976       13.84566    
          28   5.443120       29.62755    
          29   1.848175       3.415751    
          30   6.004491       36.05392    
          31   5.604473       31.41012    
          32   7.850581       61.63162    
          33   3.719494       13.83463    
          34   5.468356       29.90291    
          35   4.888460       23.89704    
          36   4.952404       24.52630    
          37   3.545085       12.56763    
          38   5.884282       34.62477    
          39   3.883590       15.08227    
          40   4.009366       16.07502    
          41   5.838078       34.08316    
          42   3.332639       11.10649    
          43   5.777997       33.38525    
          44   3.311814       10.96811    
          45   5.723370       32.75697    
          46   4.106450       16.86293    
          47   3.749060       14.05545    
          48   3.941876       15.53839    
          49   2.909008       8.462326    
          50   4.776003       22.81021    
          51   5.294555       28.03232    
          52   6.060379       36.72819    
          53   6.085451       37.03271    
          54   6.004802       36.05764    
          55   4.380926       19.19251    
          56   3.321595       11.03299    
          57   2.841022       8.071409    
          58   4.134556       17.09455    
          59   4.224289       17.84461    
          60   3.512092       12.33479    
          61   4.430919       19.63305    
          62   4.054184       16.43641    
          63   6.061119       36.73716    
          64   4.456213       19.85783    
          65   1.995694       3.982795    
          66   3.067331       9.408520    
          67   3.264103       10.65437    
          68   3.824898       14.62984    
          69   4.065999       16.53234    
          70   4.123989       17.00729    
          71   5.474903       29.97456    
          72   4.372771       19.12113    
          73   5.530812       30.58988    
          74   5.885936       34.64423    
          75   2.611692       6.820937    
          76   4.076313       16.61633    
          77   3.390554       11.49586    
          78   4.452836       19.82775    
          79   4.272948       18.25809    
          80   4.219198       17.80163    
          81   3.354259       11.25106    
          82   5.234340       27.39831    
          83   4.803738       23.07590    
          84   3.802413       14.45835    
          85   4.579638       20.97309    
          86   5.783688       33.45105    
          87   4.036685       16.29483    
          88   3.566419       12.71935    
          89   1.808492       3.270644    
          90   4.988686       24.88699    
          91   4.408451       19.43444    
          92   4.880053       23.81491    
          93   2.300431       5.291983    
          94   2.889364       8.348425    
          95   4.949435       24.49691    
          96   7.599640       57.75454    
          97   3.615628       13.07276    
          98   4.286650       18.37537    
          99   3.054823       9.331943    
         100   4.602734       21.18516    
         101   3.988360       15.90701    
         102   3.699982       13.68986    
         103   4.642848       21.55604    
         104   4.371958       19.11402    
         105   5.999106       35.98928    
         106   2.967364       8.805247    
         107   5.640320       31.81321    
         108   5.119995       26.21434    
         109   3.874243       15.00976    
         110   4.172292       17.40802    
         111   4.036133       16.29037    
         112   6.465862       41.80737    
         113   4.662327       21.73729    
         114   4.769943       22.75235    
         115   5.192620       26.96330    
         116   5.955541       35.46846    
         117   4.134399       17.09325    
         118   5.759722       33.17440    
         119   6.176791       38.15276    
         120   4.881849       23.83245    
         121   4.736936       22.43856    
         122   3.628137       13.16338    
         123   4.647708       21.60119    
         124   3.330134       11.08980    
         125   5.931795       35.18620    
         126   3.071204       9.432294    
         127   3.944072       15.55571    
         128   5.426768       29.44981    
         129   3.996754       15.97404    
         130   4.244456       18.01540    
         131   5.217523       27.22254    
         132   4.414259       19.48569    
         133   3.398271       11.54824    
         134   4.328719       18.73781    
         135   3.978467       15.82820    
         136   6.574915       43.22951    
         137   2.941448       8.652117    
         138   4.638593       21.51655    
         139   4.009734       16.07797    
         140   3.547854       12.58727    
         141   5.786290       33.48116    
         142   2.367666       5.605845    
         143   4.029396       16.23603    
         144   5.305809       28.15161    
         145   4.398265       19.34474    
         146   3.965870       15.72812    
         147   3.510474       12.32343    
         148   6.251322       39.07903    
         149   4.369236       19.09022    
         150   4.599315       21.15369    
         151   3.360606       11.29368    
         152   5.463386       29.84859    
         153   4.758098       22.63949    
         154   4.152379       17.24225    
         155   5.468470       29.90417    
         156   5.897788       34.78391    
         157   4.723224       22.30884    
         158   4.282784       18.34224    
         159   5.610023       31.47236    
         160   6.385070       40.76912    
         161   3.487304       12.16129    
         162   5.617338       31.55449    
         163   3.568039       12.73090    
         164   4.084976       16.68703    
         165   4.479060       20.06198    
         166   4.176341       17.44182    
         167   5.639421       31.80307    
         168   4.752846       22.58954    
         169   4.755810       22.61773    
         170   3.888286       15.11877    
         171   3.580468       12.81975    
         172   4.395894       19.32389    
         173   3.771969       14.22775    
         174   4.939816       24.40179    
         175   4.478400       20.05607    
         176   4.221535       17.82136    
         177   3.436850       11.81194    
         178   4.703117       22.11932    
         179   4.662903       21.74266    
         180   3.737146       13.96626    
         181   4.501684       20.26516    
         182   6.098569       37.19255    
         183   3.978908       15.83171    
         184   5.293913       28.02552    
         185   4.068248       16.55064    
         186   3.326069       11.06273    
         187   4.860119       23.62076    
         188   3.725748       13.88120    
         189   3.902482       15.22937    
         190   3.635034       13.21348    
         191   4.293430       18.43354    
         192   3.387153       11.47280    
         193   3.558500       12.66292    
         194   2.537710       6.439973    
         195   3.206530       10.28184    
         196   5.234099       27.39579    
         197   4.969817       24.69908    
         198   3.001182       9.007091    
         199   4.075277       16.60788    
         200   5.072879       25.73410    
         201   4.011149       16.08931    
         202   4.821046       23.24249    
         203   4.654726       21.66647    
         204   6.244484       38.99359    
         205   4.758798       22.64616    
         206   4.700221       22.09207    
         207   2.346820       5.507563    
         208   4.604845       21.20460    
         209   3.789892       14.36329    
         210   2.325644       5.408622    
         211   3.988642       15.90927    
         212   2.925072       8.556047    
         213   4.240374       17.98077    
         214   2.833284       8.027496    
         215   6.066202       36.79880    
         216   2.987751       8.926654    
         217   5.376801       28.91000    
         218   5.119024       26.20441    
         219   5.076356       25.76939    
         220   4.372492       19.11869    
         221   4.813005       23.16502    
         222   5.555539       30.86401    
         223   3.571022       12.75220    
         224   4.735582       22.42574    
         225   2.784963       7.756020    
         226   6.188832       38.30165    
         227   6.416462       41.17099    
         228   3.539678       12.52932    
         229   5.525068       30.52638    
         230   3.986229       15.89002    
         231   4.333242       18.77699    
         232   4.636911       21.50094    
         233   5.023678       25.23734    
         234   4.810652       23.14238    
         235   5.153068       26.55411    
         236   5.378861       28.93215    
         237   4.610182       21.25378    
         238   4.733581       22.40678    
         239   4.456484       19.86025    
         240   4.302076       18.50786    
         241   3.783589       14.31555    
         242   4.887300       23.88570    
         243   3.104129       9.635615    
         244   5.789489       33.51818    
         245   4.719110       22.27000    
         246   3.600014       12.96010    
         247   2.606619       6.794462    
         248   2.564104       6.574629    
         249   5.611597       31.49002    
         250   3.035562       9.214640    
         251   5.219303       27.24113    
         252   4.366870       19.06956    
         253   4.440859       19.72123    
         254   3.882580       15.07443    
         255   2.891868       8.362898    
         256   4.375493       19.14494    
         257   4.817543       23.20872    
         258   3.476107       12.08332    
         259   5.745113       33.00633    
         260   4.109889       16.89119    
         261   3.653880       13.35084    
         262   2.915798       8.501879    
         263   3.343592       11.17961    
         264   2.347003       5.508423    
         265   4.366772       19.06870    
         266   2.471050       6.106086    
         267   3.143292       9.880286    
         268   4.319615       18.65907    
         269   5.779907       33.40732    
         270   5.000164       25.00164    
         271   4.465349       19.93934    
         272   5.457445       29.78371    
         273   4.701323       22.10243    
         274   4.460373       19.89493    
         275   5.155325       26.57738    
         276   1.866104       3.482346    
         277   3.283211       10.77947    
         278   4.095756       16.77521    
         279   5.088148       25.88925    
         280   2.790228       7.785371    
         281   4.147219       17.19942    
         282   5.404346       29.20696    
         283   4.387045       19.24617    
         284   5.102069       26.03111    
         285   6.566516       43.11914    
         286   3.864071       14.93104    
         287   3.512357       12.33665    
         288   4.509779       20.33810    
         289   6.402762       40.99537    
         290   5.566026       30.98065    
         291   6.276411       39.39334    
         292   3.369576       11.35404    
         293   4.521035       20.43976    
         294   4.671109       21.81927    
         295   4.704111       22.12866    
         296   2.691782       7.245693    
         297   3.988701       15.90974    
         298   4.153031       17.24766    
         299   4.438200       19.69763    
         300   4.065179       16.52568    
         301   3.960353       15.68439    
         302   6.341167       40.21040    
         303   3.756686       14.11269    
         304   2.162423       4.676073    
         305   5.316925       28.26969    
         306   3.777226       14.26744    
         307   5.562657       30.94316    
         308   4.031126       16.24998    
         309   5.541809       30.71164    
         310   3.856804       14.87494    
         311   3.528789       12.45235    
         312   5.195420       26.99239    
         313   2.988761       8.932691    
         314   2.973558       8.842045    
         315   5.234683       27.40190    
         316   2.871501       8.245520    
         317   3.712555       13.78306    
         318   3.542943       12.55245    
         319   4.150652       17.22792    
         320   5.233381       27.38827    
         321   5.567502       30.99708    
         322   4.697002       22.06183    
         323   3.649140       13.31623    
         324   4.009084       16.07276    
         325   3.066477       9.403283    
         326   3.831182       14.67795    
         327   4.987103       24.87120    
         328   3.163995       10.01086    
         329   4.348967       18.91351    
         330   4.666179       21.77322    
         331   3.341747       11.16727    
         332   4.732973       22.40103    
         333   5.052403       25.52678    
         334   5.322444       28.32841    
         335   2.220976       4.932733    
         336   3.757192       14.11649    
         337   2.994625       8.967777    
         338   5.387691       29.02722    
         339   5.886852       34.65503    
         340   4.300597       18.49513    
         341   4.338611       18.82354    
         342   2.925509       8.558607    
         343   2.632675       6.930979    
         344   5.503821       30.29205    
         345   3.949894       15.60167    
         346   2.893413       8.371838    
         347   3.439034       11.82695    
         348   4.281185       18.32854    
         349   4.300386       18.49332    
         350   3.959670       15.67899    
         351   5.210653       27.15091    
         352   3.824669       14.62809    
         353   2.949290       8.698314    
         354   2.451528       6.009989    
         355   2.502610       6.263060    
         356   5.316857       28.26897    
         357   2.138030       4.571171    
         358   3.971921       15.77616    
         359   5.703815       32.53351    
         360   4.164860       17.34606    
         361   4.452942       19.82869    
         362   2.598797       6.753748    
         363   4.693229       22.02640    
         364   4.712366       22.20639    
         365   6.001276       36.01532    
         366   4.520601       20.43583    
         367   5.254677       27.61163    
         368   4.689287       21.98941    
         369   4.954458       24.54666    
         370   3.986046       15.88856    
         371   3.632545       13.19538    
         372   2.730722       7.456845    
         373   3.257664       10.61237    
         374   3.852057       14.83834    
         375   2.877241       8.278516    
         376   5.742803       32.97979    
         377   4.189140       17.54890    
         378   6.071981       36.86896    
         379   4.347155       18.89776    
         380   3.431231       11.77335    
         381   4.878679       23.80151    
         382   5.036252       25.36384    
         383   4.260137       18.14876    
         384   5.096327       25.97255    
         385   1.897641       3.601041    
         386   3.227141       10.41444    
         387   4.647774       21.60180    
         388   2.349111       5.518323    
         389   2.726308       7.432757    
         390   3.852686       14.84319    
         391   3.883251       15.07964    
         392   3.018413       9.110820    
         393   2.169420       4.706382    
         394   3.670020       13.46905    
         395   5.751501       33.07976    
         396   4.388944       19.26283    
         397   4.453244       19.83138    
         398   3.621546       13.11559    
         399   4.774374       22.79465    
         400   5.644175       31.85671    
         401   3.869352       14.97189    
         402   4.687618       21.97376    
         403   4.552906       20.72895    
         404   6.232985       38.85011    
         405   5.231322       27.36673    
         406   2.598397       6.751667    
         407   4.165275       17.34951    
         408   4.275908       18.28339    
         409   5.322684       28.33097    
         410   3.472101       12.05548    
         411   5.125177       26.26744    
         412   4.854772       23.56881    
         413   3.845847       14.79054    
         414   4.748832       22.55140    
         415   4.091530       16.74062    
         416   3.395903       11.53216    
         417   2.532769       6.414919    
         418   1.997964       3.991859    
         419   4.503570       20.28214    
         420   4.567980       20.86644    
         421   4.480499       20.07487    
         422   4.476944       20.04303    
         423   5.461553       29.82856    
         424   4.212028       17.74118    
         425   5.430825       29.49386    
         426   4.786434       22.90995    
         427   5.463371       29.84843    
         428   5.302681       28.11843    
         429   4.059814       16.48209    
         430   5.996486       35.95785    
         431   4.840906       23.43437    
         432   4.290376       18.40733    
         433   4.333477       18.77903    
         434   3.761748       14.15075    
         435   6.363553       40.49481    
         436   5.226288       27.31409    
         437   4.907442       24.08299    
         438   3.099972       9.609830    
         439   5.100558       26.01570    
         440   3.969609       15.75780    
         441   5.683962       32.30742    
         442   3.946593       15.57560    
         443   6.975474       48.65725    
         444   3.814672       14.55172    
         445   3.465128       12.00711    
         446   5.648330       31.90363    
         447   5.410028       29.26841    
         448   4.847916       23.50229    
         449   4.696342       22.05563    
         450   4.010186       16.08159    
         451   3.845363       14.78682    
         452   4.904861       24.05766    
         453   3.437926       11.81933    
         454   6.026066       36.31347    
         455   2.582983       6.671804    
         456   2.681057       7.188067    
         457   3.858087       14.88483    
         458   4.761013       22.66724    
         459   4.595143       21.11535    
         460   5.425672       29.43792    
         461   5.578865       31.12374    
         462   4.140723       17.14559    
         463   3.283950       10.78433    
         464   2.814739       7.922754    
         465   5.994242       35.93094    
         466   6.429161       41.33411    
         467   4.127465       17.03596    
         468   4.922837       24.23432    
         469   4.309389       18.57083    
         470   4.449527       19.79829    
         471   3.703687       13.71730    
         472   3.953060       15.62669    
         473   5.259846       27.66598    
         474   6.030994       36.37290    
         475   2.366946       5.602435    
         476   6.406283       41.04047    
         477   4.145270       17.18327    
         478   4.761501       22.67189    
         479   4.155216       17.26582    
         480   3.305810       10.92838    
         481   2.814221       7.919840    
         482   4.243410       18.00653    
         483   2.651300       7.029394    
         484   2.710176       7.345054    
         485   3.774859       14.24956    
         486   4.650303       21.62531    
         487   4.143252       17.16654    
         488   5.176923       26.80053    
         489   3.740172       13.98889    
         490   4.145622       17.18619    
         491   3.791231       14.37344    
         492   3.751023       14.07017    
         493   6.210843       38.57457    
         494   3.448685       11.89343    
         495   5.046691       25.46909    
         496   5.346607       28.58621    
         497   2.982235       8.893727    
         498   3.324181       11.05018    
         499   3.460759       11.97685    
         500   3.353800       11.24797    
         501   1.607182       2.583034    
         502   5.313560       28.23392    
         503   5.155499       26.57917    
         504   4.001714       16.01371    
         505   4.158487       17.29302    
         506   5.717617       32.69115    
         507   4.917266       24.17951    
         508   4.609568       21.24812    
         509   3.837141       14.72365    
         510   3.393376       11.51500    
         511   7.480482       55.95762    
         512   6.574491       43.22393    
         513   3.251454       10.57196    
         514   4.362062       19.02759    
         515   3.957965       15.66548    
         516   2.922848       8.543042    
         517   7.212245       52.01648    
         518   5.431490       29.50109    
         519   4.059069       16.47604    
         520   5.236209       27.41788    
         521   2.386863       5.697116    
         522   4.200699       17.64587    
         523   5.051113       25.51374    
         524   2.239960       5.017421    
         525   6.288745       39.54832    
         526   6.295694       39.63577    
         527   4.420668       19.54230    
         528   2.522642       6.363725    
         529   4.664012       21.75301    
         530   4.829547       23.32453    
         531   4.968977       24.69073    
         532   5.229800       27.35081    
         533   3.977386       15.81960    
         534   4.220029       17.80865    
         535   4.799231       23.03262    
         536   5.530112       30.58213    
         537   4.883235       23.84599    
         538   5.466061       29.87782    
         539   4.019143       16.15351    
         540   4.904599       24.05509    
         541   4.680446       21.90657    
         542   6.159181       37.93550    
         543   3.869665       14.97431    
         544   6.079553       36.96096    
         545   2.690810       7.240458    
         546   5.165418       26.68155    
         547   4.900307       24.01301    
         548   6.063745       36.76900    
         549   4.659348       21.70952    
         550   2.885872       8.328256    
         551   5.323706       28.34184    
         552   2.574579       6.628456    
         553   2.591305       6.714863    
         554   4.017404       16.13953    
         555   3.046659       9.282135    
         556   4.791970       22.96298    
         557   4.143803       17.17110    
         558   4.204090       17.67437    
         559   2.082237       4.335713    
         560   5.100607       26.01619    
         561   2.983303       8.900097    
         562   1.784219       3.183436    
         563   4.784917       22.89543    
         564   4.820020       23.23259    
         565   4.587614       21.04620    
         566   5.276078       27.83700    
         567   4.209057       17.71616    
         568   3.407396       11.61035    
         569   5.367166       28.80647    
         570   4.731552       22.38759    
         571   5.523700       30.51126    
         572   4.130071       17.05749    
         573   6.226684       38.77160    
         574   2.583378       6.673840    
         575   4.634798       21.48135    
         576   4.395858       19.32357    
         577   4.048067       16.38685    
         578   3.990953       15.92771    
         579   4.661456       21.72917    
         580   2.813186       7.914017    
         581   3.994296       15.95440    
         582   5.424453       29.42470    
         583   3.444039       11.86141    
         584   4.530002       20.52092    
         585   2.919941       8.526056    
         586   3.872517       14.99639    
         587   5.291553       28.00052    
         588   2.547550       6.490011    
         589   2.584716       6.680756    
         590   2.923775       8.548461    
         591   4.280527       18.32291    
         592   3.858379       14.88709    
         593   3.993363       15.94695    
         594   2.749976       7.562367    
         595   3.734264       13.94473    
         596   2.827383       7.994094    
         597   4.640659       21.53572    
         598   2.796419       7.819957    
         599   4.375110       19.14159    
         600   2.185243       4.775288    
         601   3.835670       14.71237    
         602   4.636460       21.49676    
         603   5.507872       30.33665    
         604   4.406729       19.41926    
         605   4.619495       21.33974    
         606   5.396282       29.11986    
         607   5.035718       25.35846    
         608   4.447335       19.77879    
         609   3.442823       11.85303    
         610   5.471537       29.93771    
         611   1.444900       2.087737    
         612   4.639495       21.52492    
         613   4.701653       22.10555    
         614   4.277016       18.29287    
         615   4.997153       24.97154    
         616   2.541231       6.457857    
         617   5.704951       32.54647    
         618   5.704125       32.53705    
         619   4.650909       21.63096    
         620   1.699741       2.889120    
         621   4.987893       24.87907    
         622   4.663175       21.74520    
         623   5.359888       28.72840    
         624   5.399615       29.15584    
         625   4.889557       23.90777    
         626   3.289391       10.82010    
         627   4.139635       17.13658    
         628   4.843019       23.45483    
         629   4.567886       20.86558    
         630   4.358778       18.99895    
         631   3.427064       11.74477    
         632   4.695073       22.04371    
         633   4.520005       20.43045    
         634   3.820332       14.59493    
         635   4.283741       18.35044    
         636   3.431583       11.77576    
         637   6.267666       39.28365    
         638   4.095514       16.77324    
         639   6.189060       38.30447    
         640   6.263763       39.23473    
         641   3.762554       14.15681    
         642   5.130034       26.31725    
         643   4.913689       24.14434    
         644   4.629626       21.43344    
         645   4.521500       20.44396    
         646   4.018112       16.14522    
         647   3.653528       13.34827    
         648   4.253670       18.09371    
         649   4.404262       19.39752    
         650   4.525149       20.47697    
         651   4.179678       17.46971    
         652   4.169439       17.38422    
         653   5.096762       25.97698    
         654   5.280702       27.88581    
         655   2.951851       8.713425    
         656   5.561155       30.92645    
         657   3.757513       14.11890    
         658   2.497116       6.235590    
         659   5.407071       29.23641    
         660   6.483200       42.03188    
         661   2.458827       6.045833    
         662   3.813565       14.54327    
         663   4.874118       23.75703    
         664   3.380963       11.43091    
         665   1.467607       2.153872    
         666   2.740341       7.509467    
         667   3.138553       9.850515    
         668   4.985737       24.85757    
         669   3.799780       14.43833    
         670   3.674028       13.49848    
         671   3.805172       14.47933    
         672   4.880850       23.82270    
         673   5.209799       27.14200    
         674   5.354839       28.67430    
         675   5.642416       31.83686    
         676   4.411179       19.45850    
         677   4.684685       21.94628    
         678   3.299205       10.88475    
         679   5.209990       27.14399    
         680   6.126681       37.53622    
         681   5.682367       32.28930    
         682   4.370299       19.09951    
         683   4.783731       22.88408    
         684   5.712391       32.63141    
         685   4.328835       18.73882    
         686   2.260991       5.112080    
         687   4.476644       20.04034    
         688   4.904630       24.05540    
         689   5.019555       25.19593    
         690   4.220604       17.81350    
         691   3.626462       13.15123    
         692   2.515713       6.328814    
         693   4.095136       16.77014    
         694   4.867671       23.69422    
         695   4.868621       23.70347    
         696   5.779633       33.40415    
         697   4.400402       19.36354    
         698   6.208703       38.54799    
         699   4.330928       18.75694    
         700   3.961248       15.69148    
         701   5.868122       34.43484    
         702   4.424546       19.57661    
         703   4.165627       17.35245    
         704   3.425814       11.73620    
         705   5.802773       33.67218    
         706   5.733723       32.87558    
         707   3.905255       15.25102    
         708   3.227731       10.41825    
         709   2.305433       5.315023    
         710   4.588288       21.05239    
         711   4.004229       16.03385    
         712   6.073140       36.88303    
         713   3.357328       11.27165    
         714   3.496020       12.22215    
         715   2.971381       8.829104    
         716   3.367192       11.33798    
         717   5.244561       27.50542    
         718   4.622282       21.36549    
         719   5.588737       31.23399    
         720   4.383610       19.21603    
         721   4.729560       22.36874    
         722   4.525171       20.47717    
         723   4.644140       21.56804    
         724   6.287916       39.53789    
         725   5.880462       34.57983    
         726   3.369520       11.35366    
         727   3.739444       13.98344    
         728   3.482901       12.13060    
         729   3.188106       10.16402    
         730   5.738552       32.93098    
         731   5.131870       26.33609    
         732   4.812634       23.16144    
         733   3.943944       15.55470    
         734   4.405394       19.40750    
         735   6.377630       40.67416    
         736   6.384328       40.75964    
         737   4.282830       18.34264    
         738   5.378739       28.93083    
         739   2.803915       7.861936    
         740   2.912747       8.484095    
         741   3.431460       11.77492    
         742   5.437881       29.57056    
         743   2.229729       4.971690    
         744   4.807525       23.11230    
         745   3.532214       12.47653    
         746   5.440570       29.59981    
         747   4.338644       18.82383    
         748   5.155788       26.58215    
         749   6.524586       42.57022    
         750   3.520859       12.39645    
         751   4.075047       16.60601    
         752   5.462595       29.83994    
         753   5.670078       32.14978    
         754   3.648660       13.31272    
         755   3.284054       10.78501    
         756   4.221638       17.82223    
         757   3.705944       13.73402    
         758   3.446437       11.87792    
         759   3.707267       13.74383    
         760   3.201619       10.25036    
         761   3.555300       12.64016    
         762   3.730614       13.91748    
         763   6.122751       37.48808    
         764   2.528695       6.394297    
         765   4.231793       17.90808    
         766   3.824948       14.63023    
         767   5.917143       35.01258    
         768   5.210540       27.14973    
         769   3.175398       10.08315    
         770   5.416433       29.33775    
         771   3.973949       15.79227    
         772   5.437968       29.57149    
         773   5.940338       35.28762    
         774   3.079590       9.483874    
         775   6.115631       37.40094    
         776   7.577212       57.41414    
         777   3.676301       13.51519    
         778   6.131056       37.58984    
         779   3.291232       10.83221    
         780   6.341448       40.21397    
         781   2.064030       4.260220    
         782   6.858505       47.03909    
         783   4.062529       16.50414    
         784   3.428584       11.75519    
         785   3.676226       13.51464    
         786   3.209439       10.30050    
         787   4.477554       20.04850    
         788   4.813069       23.16563    
         789   4.044468       16.35773    
         790   4.046330       16.37279    
         791   6.287555       39.53334    
         792   4.857656       23.59682    
         793   4.181763       17.48714    
         794   2.591507       6.715909    
         795   2.237000       5.004171    
         796   6.031243       36.37590    
         797   4.804831       23.08640    
         798   5.272971       27.80423    
         799   3.189767       10.17462    
         800   5.829578       33.98397    
         801   5.326453       28.37110    
         802   3.750898       14.06923    
         803   5.476406       29.99102    
         804   4.251442       18.07476    
         805   5.801351       33.65568    
         806   3.791666       14.37673    
         807   5.184188       26.87581    
         808   5.260044       27.66806    
         809   4.467765       19.96092    
         810   5.397892       29.13724    
         811   3.041159       9.248648    
         812   5.943303       35.32285    
         813   3.555346       12.64048    
         814   4.160596       17.31056    
         815   4.722053       22.29779    
         816   4.749678       22.55944    
         817   5.616707       31.54740    
         818   3.645285       13.28810    
         819   5.172938       26.75929    
         820   6.819114       46.50031    
         821   4.433300       19.65415    
         822   1.584903       2.511918    
         823   3.975500       15.80460    
         824   5.560159       30.91537    
         825   4.849325       23.51595    
         826   5.702678       32.52053    
         827   4.161707       17.31981    
         828   3.844692       14.78166    
         829   3.249894       10.56181    
         830   3.965699       15.72677    
         831   4.912529       24.13294    
         832   4.039329       16.31618    
         833   2.385002       5.688235    
         834   5.947618       35.37416    
         835   5.865410       34.40304    
         836   4.710619       22.18994    
         837   3.390327       11.49432    
         838   5.198512       27.02453    
         839   4.039511       16.31765    
         840   4.043306       16.34833    
         841   6.522373       42.54136    
         842   5.674582       32.20088    
         843   5.637782       31.78457    
         844   5.023536       25.23591    
         845   6.262321       39.21666    
         846   4.015405       16.12348    
         847   4.384715       19.22573    
         848   2.131114       4.541646    
         849   6.249405       39.05507    
         850   4.037414       16.30071    
         851   3.781095       14.29668    
         852   3.858953       14.89152    
         853   3.908974       15.28008    
         854   5.201334       27.05388    
         855   4.066334       16.53507    
         856   3.913883       15.31848    
         857   5.147770       26.49954    
         858   3.459601       11.96884    
         859   3.959133       15.67473    
         860   4.059920       16.48295    
         861   5.079360       25.79990    
         862   4.331120       18.75860    
         863   5.916936       35.01014    
         864   4.578580       20.96340    
         865   4.323713       18.69449    
         866   4.794835       22.99044    
         867   4.429437       19.61992    
         868   4.239206       17.97087    
         869   4.750863       22.57069    
         870   3.051331       9.310623    
         871   3.160839       9.990905    
         872   5.248204       27.54365    
         873   2.778851       7.722013    
         874   3.883912       15.08478    
         875   4.094390       16.76403    
         876   2.412682       5.821035    
         877   5.375405       28.89498    
         878   5.371300       28.85087    
         879   3.272608       10.70996    
         880   4.239686       17.97494    
         881   2.818987       7.946685    
         882   5.679317       32.25465    
         883   5.411164       29.28070    
         884   4.318262       18.64739    
         885   4.305923       18.54097    
         886   2.999167       8.995002    
         887   4.988535       24.88548    
         888   1.900948       3.613602    
         889   4.595208       21.11594    
         890   5.882407       34.60271    
         891   6.612827       43.72947    
         892   5.115605       26.16942    
         893   4.935479       24.35895    
         894   5.314793       28.24702    
         895   5.115676       26.17015    
         896   3.599013       12.95289    
         897   5.302922       28.12099    
         898   5.591435       31.26415    
         899   4.046207       16.37179    
         900   6.372773       40.61224    
         901   2.206377       4.868101    
         902   5.185479       26.88920    
         903   3.287519       10.80778    
         904   4.327803       18.72988    
         905   3.960474       15.68535    
         906   4.299793       18.48822    
         907   4.896707       23.97774    
         908   4.571613       20.89964    
         909   4.005425       16.04343    
         910   5.128216       26.29860    
         911   4.691977       22.01464    
         912   5.028142       25.28222    
         913   4.711708       22.20019    
         914   6.004013       36.04817    
         915   3.802653       14.46017    
         916   3.655447       13.36229    
         917   4.445467       19.76218    
         918   4.394594       19.31246    
         919   2.245970       5.044384    
         920   5.785707       33.47440    
         921   5.181383       26.84673    
         922   5.021057       25.21102    
         923   7.254418       52.62658    
         924   3.899451       15.20572    
         925   4.541542       20.62560    
         926   5.854205       34.27171    
         927   3.285127       10.79206    
         928   4.604389       21.20039    
         929   3.014304       9.086025    
         930   3.252264       10.57722    
         931   4.218088       17.79227    
         932   3.916326       15.33761    
         933   4.291117       18.41368    
         934   4.756815       22.62729    
         935   4.419746       19.53415    
         936   3.696019       13.66056    
         937   5.907692       34.90082    
         938   4.295269       18.44933    
         939   3.218726       10.36020    
         940   2.817941       7.940792    
         941   2.560508       6.556201    
         942   3.443221       11.85577    
         943   3.951555       15.61479    
         944   2.500145       6.250726    
         945   5.702949       32.52362    
         946   6.271789       39.33534    
         947   5.296677       28.05478    
         948   5.729364       32.82561    
         949   6.355230       40.38896    
         950   3.071922       9.436707    
         951   2.160504       4.667779    
         952   4.961590       24.61738    
         953   2.975436       8.853221    
         954   2.734305       7.476426    
         955   3.801229       14.44935    
         956   3.918571       15.35520    
         957   4.094470       16.76468    
         958   5.363215       28.76408    
         959   4.187622       17.53618    
         960   2.762034       7.628834    
         961   4.319031       18.65403    
         962   2.349430       5.519820    
         963   3.633490       13.20225    
         964   5.009767       25.09776    
         965   3.752384       14.08039    
         966   5.160161       26.62725    
         967   5.863760       34.38367    
         968   6.838699       46.76781    
         969   6.036205       36.43577    
         970   3.867146       14.95482    
         971   4.533853       20.55582    
         972   4.746332       22.52767    
         973   3.686970       13.59375    
         974   3.943719       15.55292    
         975   3.965851       15.72797    
         976   4.922042       24.22650    
         977   3.461019       11.97865    
         978   6.051804       36.62434    
         979   3.882216       15.07160    
         980   4.201500       17.65261    
         981   3.516357       12.36477    
         982   6.013908       36.16709    
         983   6.071079       36.85801    
         984   5.689531       32.37077    
         985   3.547705       12.58621    
         986   2.186739       4.781828    
         987   4.068545       16.55306    
         988   4.330663       18.75465    
         989   4.408408       19.43406    
         990   5.787915       33.49996    
         991   2.506399       6.282037    
         992   3.770618       14.21756    
         993   4.686811       21.96620    
         994   4.721744       22.29487    
         995   4.192074       17.57349    
         996   4.534221       20.55916    
         997   2.279478       5.196021    
         998   5.501041       30.26146    
         999   3.103212       9.629924    
        1000   4.861740       23.63652    
        1001   4.792449       22.96757    
        1002   5.895133       34.75260    
        1003   2.463341       6.068049    
        1004   5.435766       29.54756    
        1005   5.482786       30.06094    
        1006   5.024153       25.24211    
        1007   4.622226       21.36497    
        1008   5.222191       27.27128    
        1009   4.443295       19.74286    
        1010   4.128649       17.04574    
        1011   3.704208       13.72116    
        1012   3.508757       12.31138    
        1013   3.261272       10.63589    
        1014   4.308876       18.56641    
        1015   5.106368       26.07499    
        1016   3.694700       13.65081    
        1017   3.254818       10.59384    
        1018   3.251479       10.57211    
        1019   5.685197       32.32147    
        1020   5.121458       26.22933    
        1021   3.883266       15.07976    
        1022   4.788453       22.92928    
        1023   3.573361       12.76891    
        1024   4.242888       18.00210    
        1025   4.512844       20.36576    
        1026   3.983086       15.86497    
        1027   3.674658       13.50311    
        1028   4.480302       20.07311    
        1029   3.835330       14.70976    
        1030   4.945596       24.45892    
        1031   4.237330       17.95497    
        1032   5.659190       32.02643    
        1033   6.223300       38.72947    
        1034   4.704804       22.13519    
        1035   4.315837       18.62645    
        1036   1.573009       2.474357    
        1037   4.911139       24.11928    
        1038   3.678277       13.52972    
        1039   1.917383       3.676358    
        1040   4.094705       16.76661    
        1041   4.553338       20.73289    
        1042   4.354289       18.95983    
        1043   3.110697       9.676435    
        1044   4.325749       18.71210    
        1045   3.523166       12.41270    
        1046   4.105533       16.85540    
        1047   4.814294       23.17743    
        1048   3.065615       9.397999    
        1049   6.522183       42.53887    
        1050   4.231231       17.90332    
        1051   3.991128       15.92910    
        1052   2.367816       5.606555    
        1053   5.091045       25.91874    
        1054   6.270005       39.31295    
        1055   2.129329       4.534041    
        1056   2.653542       7.041283    
        1057   5.717310       32.68764    
        1058   2.930454       8.587564    
        1059   4.609046       21.24330    
        1060   4.436810       19.68528    
        1061   3.139489       9.856392    
        1062   5.429348       29.47781    
        1063   7.731248       59.77221    
        1064   2.510785       6.304041    
        1065   6.325499       40.01194    
        1066   3.342922       11.17513    
        1067   4.207246       17.70092    
        1068   2.758923       7.611654    
        1069   3.991043       15.92842    
        1070   5.336275       28.47583    
        1071   2.360598       5.572424    
        1072   5.099349       26.00336    
        1073   6.628429       43.93607    
        1074   3.850143       14.82360    
        1075   4.131009       17.06523    
        1076   2.488849       6.194368    
        1077   4.887979       23.89234    
        1078   4.138805       17.12971    
        1079   2.491371       6.206928    
        1080   3.910388       15.29114    
        1081   3.664857       13.43118    
        1082   3.782759       14.30927    
        1083   5.104561       26.05654    
        1084   4.792547       22.96851    
        1085   5.877968       34.55051    
        1086   2.209782       4.883137    
        1087   3.804069       14.47094    
        1088   5.409286       29.26038    
        1089   3.808720       14.50635    
        1090   4.037528       16.30163    
        1091   4.281031       18.32722    
        1092   4.805398       23.09184    
        1093   4.011268       16.09027    
        1094   2.655750       7.053010    
        1095   3.470446       12.04399    
        1096   3.160094       9.986195    
        1097   2.002173       4.008697    
        1098   4.083178       16.67234    
        1099   4.085202       16.68888    
        1100   3.867241       14.95556    
        1101   4.649107       21.61419    
        1102   4.827427       23.30405    
        1103   3.930899       15.45196    
        1104   5.276134       27.83759    
        1105   3.990875       15.92709    
        1106   3.691672       13.62844    
        1107   6.371177       40.59190    
        1108   5.027419       25.27494    
        1109   2.525750       6.379411    
        1110   2.161174       4.670675    
        1111   3.498660       12.24062    
        1112   3.955996       15.64991    
        1113   5.375685       28.89799    
        1114   2.225458       4.952661    
        1115   5.887058       34.65745    
        1116   3.997250       15.97801    
        1117   4.727986       22.35386    
        1118   4.946938       24.47220    
        1119   3.219215       10.36334    
        1120   4.256680       18.11933    
        1121   2.936725       8.624352    
        1122   4.959426       24.59591    
        1123   5.256920       27.63521    
        1124   3.671964       13.48332    
        1125   5.860630       34.34698    
        1126   4.359898       19.00871    
        1127   4.235000       17.93522    
        1128   4.958595       24.58766    
        1129   5.018519       25.18553    
        1130   3.915735       15.33298    
        1131   4.522098       20.44937    
        1132   4.807133       23.10853    
        1133   2.883446       8.314263    
        1134   2.984340       8.906283    
        1135   5.665798       32.10127    
        1136   5.278972       27.86754    
        1137   4.072945       16.58888    
        1138   2.581609       6.664703    
        1139   4.299378       18.48465    
        1140   3.549062       12.59584    
        1141   3.362914       11.30919    
        1142   4.742761       22.49378    
        1143   3.152769       9.939955    
        1144   2.457567       6.039636    
        1145   4.707700       22.16243    
        1146   5.396811       29.12556    
        1147   2.811907       7.906818    
        1148   2.063564       4.258295    
        1149   5.041012       25.41180    
        1150   4.394097       19.30809    
        1151   5.612329       31.49823    
        1152   4.370479       19.10108    
        1153   4.530603       20.52637    
        1154   3.705415       13.73010    
        1155   4.588926       21.05824    
        1156   4.261879       18.16362    
        1157   5.261849       27.68706    
        1158   6.183431       38.23481    
        1159   5.558386       30.89566    
        1160   3.847806       14.80562    
        1161   5.211268       27.15731    
        1162   5.025991       25.26059    
        1163   4.693309       22.02715    
        1164   3.889471       15.12798    
        1165   4.780868       22.85670    
        1166   3.852974       14.84541    
        1167   5.723552       32.75904    
        1168   4.763599       22.69188    
        1169   5.007408       25.07413    
        1170   4.772483       22.77660    
        1171   3.195595       10.21183    
        1172   4.920731       24.21359    
        1173   4.545143       20.65833    
        1174   2.888888       8.345676    
        1175   4.399687       19.35725    
        1176   2.118947       4.489937    
        1177   4.602841       21.18615    
        1178   4.275921       18.28350    
        1179   5.244606       27.50589    
        1180   4.656118       21.67943    
        1181   2.123385       4.508765    
        1182   3.543374       12.55550    
        1183   4.943874       24.44190    
        1184   4.337748       18.81605    
        1185   3.123961       9.759130    
        1186   2.346991       5.508369    
        1187   4.382109       19.20287    
        1188   4.999748       24.99748    
        1189   4.688013       21.97747    
        1190   5.549220       30.79384    
        1191   3.754107       14.09332    
        1192   5.711828       32.62498    
        1193   3.248736       10.55429    
        1194   2.925794       8.560269    
        1195   3.653303       13.34663    
        1196   6.274271       39.36647    
        1197   3.965624       15.72618    
        1198   4.329419       18.74387    
        1199   3.984069       15.87281    
        1200   5.004445       25.04446    
        1201   4.928724       24.29232    
        1202   3.181111       10.11947    
        1203   5.511799       30.37993    
        1204   4.489795       20.15826    
        1205   3.477428       12.09251    
        1206   4.613969       21.28871    
        1207   3.600470       12.96338    
        1208   5.790704       33.53226    
        1209   4.647177       21.59625    
        1210   3.881914       15.06926    
        1211   2.285103       5.221694    
        1212   5.691269       32.39054    
        1213   3.629568       13.17376    
        1214   3.779728       14.28635    
        1215   4.676601       21.87060    
        1216   2.935073       8.614655    
        1217   6.610330       43.69646    
        1218   4.356642       18.98033    
        1219   4.819651       23.22903    
        1220   5.178072       26.81243    
        1221   3.791723       14.37716    
        1222   5.303354       28.12556    
        1223   4.529320       20.51474    
        1224   4.988944       24.88956    
        1225   2.371010       5.621686    
        1226   3.192639       10.19294    
        1227   3.392274       11.50752    
        1228   4.447286       19.77835    
        1229   4.975558       24.75617    
        1230   4.954950       24.55153    
        1231   5.569719       31.02178    
        1232   3.428528       11.75480    
        1233   3.162567       10.00183    
        1234   4.722255       22.29970    
        1235   5.530153       30.58259    
        1236   4.758630       22.64456    
        1237   2.819015       7.946844    
        1238   2.053123       4.215312    
        1239   3.113441       9.693517    
        1240   5.015630       25.15655    
        1241   5.578392       31.11846    
        1242   4.047059       16.37868    
        1243   5.480204       30.03263    
        1244   5.974112       35.69001    
        1245   5.149061       26.51283    
        1246   6.230621       38.82064    
        1247   3.226006       10.40712    
        1248   3.129853       9.795981    
        1249   5.878601       34.55795    
        1250   5.973507       35.68279    
        1251   3.008855       9.053206    
        1252   4.917397       24.18080    
        1253   3.848001       14.80711    
        1254   2.116484       4.479503    
        1255   2.259713       5.106302    
        1256   2.415951       5.836819    
        1257   2.786605       7.765165    
        1258   4.191291       17.56692    
        1259   3.654649       13.35646    
        1260   3.827828       14.65227    
        1261   4.327119       18.72396    
        1262   2.216276       4.911878    
        1263   3.718254       13.82541    
        1264   5.702268       32.51586    
        1265   5.150097       26.52350    
        1266   4.648049       21.60437    
        1267   3.298472       10.87992    
        1268   3.398762       11.55158    
        1269   4.265051       18.19066    
        1270   1.642939       2.699250    
        1271   4.098967       16.80153    
        1272   5.049314       25.49557    
        1273   6.497164       42.21314    
        1274   3.993954       15.95167    
        1275   5.645051       31.86661    
        1276   5.140357       26.42326    
        1277   3.042055       9.254102    
        1278   3.791198       14.37318    
        1279   3.425816       11.73622    
        1280   4.556681       20.76333    
        1281   2.822760       7.967975    
        1282   4.398599       19.34768    
        1283   2.336863       5.460930    
        1284   3.509495       12.31656    
        1285   4.049850       16.40128    
        1286   4.560145       20.79492    
        1287   3.567644       12.72808    
        1288   4.837270       23.39919    
        1289   5.848135       34.20069    
        1290   4.461144       19.90181    
        1291   5.510166       30.36193    
        1292   3.782760       14.30927    
        1293   5.585591       31.19882    
        1294   5.621072       31.59645    
        1295   3.636343       13.22299    
        1296   3.956796       15.65624    
        1297   4.137727       17.12079    
        1298   4.101087       16.81892    
        1299   5.413937       29.31071    
        1300   4.835592       23.38295    
        1301   3.889409       15.12750    
        1302   3.276119       10.73295    
        1303   2.910887       8.473263    
        1304   1.984746       3.939218    
        1305   3.352551       11.23960    
        1306   2.895079       8.381482    
        1307   3.360368       11.29208    
        1308   3.723573       13.86499    
        1309   2.584507       6.679674    
        1310   1.953278       3.815296    
        1311   2.632067       6.927777    
        1312   3.232740       10.45061    
        1313   4.396001       19.32483    
        1314   4.176367       17.44204    
        1315   6.013094       36.15731    
        1316   5.749043       33.05149    
        1317   5.304872       28.14166    
        1318   4.233501       17.92253    
        1319   4.026516       16.21284    
        1320   4.564867       20.83801    
        1321   4.373523       19.12770    
        1322   5.021810       25.21858    
        1323   2.838735       8.058415    
        1324   5.060572       25.60939    
        1325   6.268147       39.28967    
        1326   4.078024       16.63028    
        1327   1.874696       3.514485    
        1328   2.993730       8.962418    
        1329   3.885101       15.09401    
        1330   4.910492       24.11294    
        1331   3.848050       14.80749    
        1332   5.818155       33.85093    
        1333   4.042065       16.33829    
        1334   4.411756       19.46359    
        1335   3.089481       9.544892    
        1336   5.593184       31.28371    
        1337   6.181978       38.21685    
        1338   4.128225       17.04224    
        1339   4.484478       20.11055    
        1340   3.568287       12.73267    
        1341   4.468490       19.96740    
        1342   4.614932       21.29760    
        1343   4.880892       23.82311    
        1344   3.432562       11.78248    
        1345   5.166002       26.68758    
        1346   4.786928       22.91467    
        1347   5.224896       27.29954    
        1348   2.206367       4.868058    
        1349   5.890380       34.69658    
        1350   5.343133       28.54907    
        1351   4.669163       21.80108    
        1352   3.605504       12.99966    
        1353   4.747326       22.53711    
        1354   5.085493       25.86224    
        1355   3.524979       12.42548    
        1356   2.612293       6.824077    
        1357   6.118771       37.43936    
        1358   5.320068       28.30313    
        1359   3.621706       13.11676    
        1360   6.688235       44.73249    
        1361   4.511720       20.35561    
        1362   3.703245       13.71402    
        1363   5.999830       35.99796    
        1364   4.895789       23.96875    
        1365   3.927644       15.42638    
        1366   4.627866       21.41715    
        1367   4.547480       20.67958    
        1368   2.090514       4.370249    
        1369   4.409729       19.44571    
        1370   2.689960       7.235882    
        1371   4.479203       20.06326    
        1372   4.150231       17.22442    
        1373   4.487618       20.13872    
        1374   4.328799       18.73850    
        1375   3.097013       9.591490    
        1376   3.923925       15.39719    
        1377   4.410163       19.44954    
        1378   6.397600       40.92928    
        1379   3.898212       15.19606    
        1380   2.416194       5.837996    
        1381   5.603905       31.40376    
        1382   3.814935       14.55373    
        1383   5.521228       30.48396    
        1384   4.831992       23.34815    
        1385   4.638816       21.51861    
        1386   4.427751       19.60498    
        1387   2.685414       7.211447    
        1388   3.731453       13.92374    
        1389   4.943188       24.43511    
        1390   2.570076       6.605290    
        1391   4.627838       21.41688    
        1392   4.511653       20.35501    
        1393   4.328301       18.73419    
        1394   5.346596       28.58609    
        1395   5.379353       28.93744    
        1396   3.116475       9.712415    
        1397   4.668783       21.79753    
        1398   3.017514       9.105393    
        1399   5.448012       29.68084    
        1400   3.995175       15.96142    
        1401   3.878989       15.04655    
        1402   5.442338       29.61904    
        1403   6.918055       47.85949    
        1404   4.799843       23.03849    
        1405   5.876964       34.53870    
        1406   4.514014       20.37632    
        1407   4.474478       20.02095    
        1408   3.988086       15.90483    
        1409   4.589370       21.06231    
        1410   5.986040       35.83267    
        1411   3.420479       11.69968    
        1412   6.192502       38.34708    
        1413   3.432169       11.77978    
        1414   4.512014       20.35827    
        1415   3.375689       11.39528    
        1416   5.685058       32.31989    
        1417   2.898064       8.398774    
        1418   3.844630       14.78118    
        1419   5.450267       29.70540    
        1420   4.542630       20.63549    
        1421   4.214859       17.76504    
        1422   2.444412       5.975148    
        1423   3.241498       10.50731    
        1424   2.329845       5.428179    
        1425   4.723092       22.30760    
        1426   3.277193       10.74000    
        1427   2.848058       8.111434    
        1428   3.206138       10.27932    
        1429   5.895028       34.75136    
        1430   5.326750       28.37427    
        1431   3.166788       10.02855    
        1432   5.519609       30.46609    
        1433   3.256191       10.60278    
        1434   6.069515       36.83902    
        1435   3.468191       12.02835    
        1436   5.617323       31.55432    
        1437   3.933750       15.47439    
        1438   2.185495       4.776388    
        1439   3.274019       10.71920    
        1440   5.293645       28.02268    
        1441   3.325984       11.06217    
        1442   3.180916       10.11823    
        1443   3.907519       15.26870    
        1444   3.764908       14.17453    
        1445   4.802889       23.06775    
        1446   5.394937       29.10534    
        1447   4.974842       24.74906    
        1448   4.188684       17.54508    
        1449   7.241181       52.43471    
        1450   3.732848       13.93416    
        1451   3.903418       15.23668    
        1452   5.738011       32.92477    
        1453   5.751884       33.08418    
        1454   4.707452       22.16011    
        1455   2.920239       8.527795    
        1456   4.623501       21.37676    
        1457   4.201591       17.65336    
        1458   4.870301       23.71984    
        1459   5.767267       33.26137    
        1460   4.409979       19.44792    
        1461   5.943720       35.32781    
        1462   4.223799       17.84048    
        1463   5.515336       30.41893    
        1464   4.925240       24.25798    
        1465   5.975906       35.71145    
        1466   3.911355       15.29870    
        1467   4.013767       16.11033    
        1468   4.376088       19.15014    
        1469   3.642797       13.26997    
        1470   2.492790       6.214002    
        1471   5.631730       31.71638    
        1472   6.261985       39.21245    
        1473   3.472112       12.05556    
        1474   3.843279       14.77079    
        1475   3.955744       15.64791    
        1476   4.079383       16.64137    
        1477   2.002510       4.010046    
        1478   3.749453       14.05840    
        1479   5.357189       28.69947    
        1480   3.706111       13.73526    
        1481   5.724285       32.76744    
        1482   4.125945       17.02342    
        1483   3.980065       15.84092    
        1484   3.826193       14.63975    
        1485   3.414107       11.65612    
        1486   5.243767       27.49709    
        1487   5.262408       27.69293    
        1488   4.507123       20.31416    
        1489   2.374334       5.637462    
        1490   5.104306       26.05394    
        1491   4.031216       16.25070    
        1492   5.640242       31.81233    
        1493   5.279261       27.87060    
        1494   4.305778       18.53972    
        1495   4.493001       20.18706    
        1496   4.202183       17.65834    
        1497   5.233209       27.38647    
        1498   4.064839       16.52291    
        1499   3.606603       13.00758    
        1500   5.578945       31.12463    
