           1   6.223453       38.73137    
           2   3.727270       13.89254    
           3   5.795272       33.58518    
           4   4.599028       21.15105    
           5   4.970622       24.70708    
           6   3.559121       12.66734    
           7   4.742534       22.49163    
           8   4.105862       16.85811    
           9   3.734196       13.94422    
          10   3.973966       15.79240    
          11   3.141370       9.868207    
          12   4.393350       19.30153    
          13   5.176776       26.79901    
          14   4.056182       16.45262    
          15   6.123808       37.50103    
          16   4.301125       18.49968    
          17   1.930010       3.724937    
          18   5.361808       28.74899    
          19   4.654207       21.66164    
          20   3.757886       14.12171    
          21   3.271676       10.70387    
          22   5.249052       27.55255    
          23   4.576339       20.94288    
          24   4.444758       19.75587    
          25   3.264400       10.65631    
          26   4.644349       21.56997    
          27   3.446357       11.87738    
          28   7.378899       54.44815    
          29   5.298412       28.07317    
          30   4.077942       16.62961    
          31   4.939691       24.40055    
          32   4.917999       24.18672    
          33   4.236832       17.95074    
          34   3.518036       12.37658    
          35   2.522773       6.364383    
          36   3.230064       10.43332    
          37   4.226547       17.86370    
          38   3.330370       11.09137    
          39   4.395078       19.31671    
          40   3.779713       14.28623    
          41   4.661223       21.72700    
          42   4.287910       18.38617    
          43   3.827821       14.65222    
          44   4.048000       16.38630    
          45   4.594995       21.11398    
          46   4.933599       24.34040    
          47   4.211402       17.73591    
          48   5.787106       33.49060    
          49   3.345294       11.19099    
          50   3.627810       13.16101    
          51   5.030340       25.30433    
          52   4.391496       19.28524    
          53   5.761776       33.19807    
          54   5.383170       28.97852    
          55   6.324939       40.00486    
          56   3.257981       10.61444    
          57   3.520929       12.39694    
          58   4.134556       17.09455    
          59   5.758747       33.16317    
          60   3.761735       14.15065    
          61   6.229161       38.80245    
          62   3.098221       9.598974    
          63   5.020695       25.20738    
          64   5.244374       27.50346    
          65   3.937900       15.50706    
          66   5.610555       31.47833    
          67   5.096688       25.97623    
          68   4.980418       24.80457    
          69   4.018466       16.14807    
          70   5.353010       28.65471    
          71   4.049049       16.39480    
          72   4.436334       19.68106    
          73   3.545442       12.57016    
          74   4.095463       16.77282    
          75   6.248306       39.04134    
          76   5.999788       35.99746    
          77   2.882149       8.306780    
          78   3.538859       12.52352    
          79   5.440572       29.59982    
          80   1.910030       3.648216    
          81   3.680466       13.54583    
          82   3.044960       9.271783    
          83   2.781557       7.737056    
          84   5.075363       25.75931    
          85   6.288608       39.54659    
          86   5.094134       25.95020    
          87   1.840467       3.387319    
          88   4.670567       21.81420    
          89   6.317955       39.91655    
          90   4.392473       19.29382    
          91   5.278372       27.86121    
          92   4.637752       21.50874    
          93   5.760840       33.18728    
          94   4.445396       19.76155    
          95   3.656134       13.36731    
          96   5.179360       26.82578    
          97   4.237256       17.95434    
          98   5.952091       35.42738    
          99   6.060167       36.72563    
         100   2.636360       6.950392    
         101   4.042281       16.34003    
         102   5.694537       32.42775    
         103   2.670240       7.130180    
         104   5.097076       25.98019    
         105   5.917332       35.01482    
         106   4.899960       24.00961    
         107   5.206912       27.11193    
         108   4.343337       18.86458    
         109   2.815940       7.929515    
         110   4.114923       16.93259    
         111   4.981905       24.81937    
         112   3.567695       12.72845    
         113   4.872647       23.74269    
         114   3.585559       12.85624    
         115   4.074760       16.60367    
         116   4.886359       23.87651    
         117   4.002977       16.02383    
         118   2.871496       8.245492    
         119   4.875502       23.77052    
         120   4.888108       23.89360    
         121   3.336049       11.12923    
         122   4.884953       23.86277    
         123   2.913331       8.487498    
         124   1.861930       3.466784    
         125   5.325205       28.35781    
         126   7.075990       50.06964    
         127   3.544034       12.56018    
         128   5.006740       25.06744    
         129   6.004585       36.05503    
         130   3.781753       14.30165    
         131   4.315614       18.62453    
         132   2.191399       4.802230    
         133   5.277308       27.84998    
         134   3.859493       14.89568    
         135   3.604169       12.99003    
         136   6.396061       40.90960    
         137   2.794600       7.809789    
         138   2.403629       5.777433    
         139   2.778869       7.722113    
         140   5.183137       26.86491    
         141   4.196823       17.61332    
         142   3.127920       9.783883    
         143   5.173263       26.76265    
         144   4.611324       21.26431    
         145   3.470428       12.04387    
         146   6.179752       38.18934    
         147   3.504139       12.27899    
         148   2.186230       4.779603    
         149   3.874405       15.01102    
         150   6.665716       44.43177    
         151   4.669642       21.80556    
         152   3.868628       14.96628    
         153   3.705165       13.72825    
         154   2.569867       6.604215    
         155   3.408818       11.62004    
         156   4.926643       24.27181    
         157   2.775910       7.705677    
         158   3.238323       10.48674    
         159   6.020940       36.25172    
         160   5.667296       32.11825    
         161   4.540224       20.61363    
         162   3.118699       9.726282    
         163   5.418993       29.36549    
         164   3.712838       13.78517    
         165   4.427692       19.60446    
         166   4.002182       16.01746    
         167   6.192008       38.34096    
         168   4.305118       18.53404    
         169   4.293825       18.43693    
         170   6.048698       36.58675    
         171   5.409741       29.26530    
         172   4.291273       18.41502    
         173   3.955931       15.64939    
         174   2.968646       8.812859    
         175   5.714201       32.65210    
         176   3.742586       14.00695    
         177   5.448165       29.68251    
         178   4.838479       23.41088    
         179   3.870801       14.98310    
         180   4.679614       21.89879    
         181   4.008431       16.06752    
         182   5.757471       33.14848    
         183   2.829820       8.007880    
         184   6.380580       40.71180    
         185   5.716290       32.67597    
         186   4.623661       21.37824    
         187   4.261676       18.16189    
         188   4.005821       16.04660    
         189   4.538401       20.59708    
         190   3.628179       13.16368    
         191   3.133782       9.820588    
         192   3.525687       12.43046    
         193   3.851056       14.83063    
         194   5.848371       34.20343    
         195   5.631920       31.71852    
         196   4.689048       21.98717    
         197   5.650719       31.93063    
         198   4.462162       19.91089    
         199   6.032341       36.38914    
         200   3.697042       13.66811    
         201   2.468044       6.091240    
         202   5.162410       26.65048    
         203   5.442304       29.61868    
         204   3.147553       9.907089    
         205   5.210674       27.15112    
         206   5.397929       29.13764    
         207   6.298088       39.66591    
         208   2.828318       7.999380    
         209   5.695701       32.44101    
         210   5.300319       28.09338    
         211   4.406951       19.42122    
         212   4.775498       22.80538    
         213   6.048719       36.58701    
         214   4.820813       23.24024    
         215   4.944062       24.44375    
         216   4.840294       23.42844    
         217   2.088427       4.361526    
         218   4.972447       24.72523    
         219   3.622148       13.11995    
         220   4.461855       19.90815    
         221   3.073536       9.446622    
         222   2.087677       4.358397    
         223   2.399282       5.756553    
         224   6.424033       41.26821    
         225   4.773369       22.78505    
         226   2.506123       6.280653    
         227   4.576738       20.94653    
         228   2.107096       4.439856    
         229   6.346972       40.28406    
         230   3.289812       10.82286    
         231   4.763285       22.68888    
         232   4.198676       17.62888    
         233   4.514981       20.38505    
         234   3.786364       14.33656    
         235   3.932004       15.46066    
         236   5.738205       32.92699    
         237   5.937046       35.24851    
         238   4.033923       16.27253    
         239   3.340392       11.15822    
         240   5.612012       31.49467    
         241   4.023808       16.19103    
         242   7.525170       56.62819    
         243   5.145067       26.47172    
         244   5.071757       25.72272    
         245   3.648574       13.31210    
         246   4.527336       20.49677    
         247   5.108935       26.10122    
         248   3.530907       12.46730    
         249   3.187569       10.16060    
         250   5.604872       31.41459    
         251   5.841879       34.12756    
         252   5.660404       32.04018    
         253   3.191648       10.18662    
         254   5.459850       29.80997    
         255   2.042408       4.171429    
         256   2.356455       5.552882    
         257   5.081337       25.81999    
         258   5.339039       28.50534    
         259   3.993283       15.94631    
         260   5.423092       29.40993    
         261   3.261395       10.63670    
         262   3.959957       15.68126    
         263   4.179552       17.46866    
         264   5.329013       28.39838    
         265   3.781497       14.29972    
         266   2.980153       8.881314    
         267   5.634253       31.74480    
         268   2.954315       8.727977    
         269   2.931433       8.593302    
         270   4.157434       17.28426    
         271   3.173399       10.07046    
         272   4.079517       16.64246    
         273   3.586481       12.86285    
         274   6.385075       40.76918    
         275   6.043367       36.52228    
         276   3.147610       9.907451    
         277   5.282854       27.90854    
         278   3.246781       10.54159    
         279   3.781676       14.30107    
         280   5.152160       26.54476    
         281   4.397670       19.33950    
         282   4.722858       22.30539    
         283   2.135078       4.558560    
         284   4.226684       17.86486    
         285   5.926056       35.11814    
         286   6.078530       36.94852    
         287   4.683174       21.93212    
         288   3.316496       10.99915    
         289   6.332966       40.10646    
         290   7.139330       50.97004    
         291   4.874591       23.76164    
         292   5.257036       27.63643    
         293   5.642997       31.84341    
         294   4.663995       21.75285    
         295   4.802181       23.06094    
         296   4.334318       18.78631    
         297   3.751572       14.07429    
         298   5.777121       33.37512    
         299   5.190770       26.94409    
         300   5.643607       31.85030    
         301   5.213999       27.18579    
         302   2.865163       8.209162    
         303   3.808446       14.50426    
         304   4.574682       20.92772    
         305   5.009236       25.09245    
         306   4.403488       19.39071    
         307   3.549829       12.60128    
         308   3.490436       12.18315    
         309   3.803012       14.46290    
         310   4.781812       22.86573    
         311   3.114130       9.697803    
         312   2.254988       5.084970    
         313   4.438612       19.70128    
         314   2.652433       7.035401    
         315   3.279665       10.75620    
         316   4.212173       17.74240    
         317   4.051178       16.41204    
         318   5.602945       31.39300    
         319   4.911229       24.12017    
         320   3.575997       12.78776    
         321   6.232600       38.84530    
         322   3.655643       13.36373    
         323   4.481252       20.08162    
         324   5.825921       33.94136    
         325   2.828183       7.998621    
         326   4.827307       23.30290    
         327   4.908385       24.09224    
         328   3.360266       11.29139    
         329   4.518569       20.41746    
         330   3.413220       11.65007    
         331   2.306278       5.318918    
         332   5.111715       26.12963    
         333   4.320744       18.66883    
         334   5.530408       30.58541    
         335   1.205675       1.453651    
         336   5.772720       33.32430    
         337   5.068807       25.69280    
         338   4.696010       22.05251    
         339   5.533386       30.61836    
         340   3.697299       13.67002    
         341   3.917371       15.34580    
         342   6.890505       47.47907    
         343   3.631137       13.18516    
         344   4.955068       24.55270    
         345   6.017196       36.20665    
         346   6.605645       43.63456    
         347   3.518930       12.38287    
         348   4.807735       23.11432    
         349   5.222529       27.27481    
         350   5.228271       27.33482    
         351   4.534890       20.56523    
         352   3.456939       11.95043    
         353   4.170370       17.39199    
         354   3.703668       13.71715    
         355   4.934907       24.35331    
         356   5.332120       28.43151    
         357   2.367997       5.607409    
         358   4.235445       17.93899    
         359   3.261894       10.63995    
         360   3.778537       14.27734    
         361   5.246594       27.52675    
         362   4.871421       23.73074    
         363   2.238469       5.010745    
         364   3.076204       9.463028    
         365   2.850354       8.124516    
         366   4.185062       17.51475    
         367   5.313933       28.23788    
         368   3.230151       10.43388    
         369   4.018178       16.14575    
         370   6.428746       41.32878    
         371   3.279256       10.75352    
         372   2.673934       7.149925    
         373   4.282211       18.33733    
         374   4.443241       19.74239    
         375   3.974328       15.79528    
         376   4.506862       20.31181    
         377   4.969625       24.69717    
         378   3.556756       12.65051    
         379   4.965983       24.66099    
         380   4.006161       16.04932    
         381   2.930238       8.586293    
         382   4.083466       16.67469    
         383   4.626192       21.40165    
         384   4.543307       20.64164    
         385   3.625555       13.14465    
         386   3.885216       15.09491    
         387   5.025692       25.25758    
         388   5.365078       28.78407    
         389   4.098366       16.79661    
         390   4.649162       21.61471    
         391   2.636569       6.951496    
         392   3.387915       11.47797    
         393   5.171258       26.74192    
         394   3.300859       10.89567    
         395   4.689367       21.99017    
         396   4.647218       21.59664    
         397   2.800856       7.844794    
         398   7.114416       50.61491    
         399   1.808906       3.272142    
         400   4.884893       23.86218    
         401   5.509316       30.35257    
         402   3.776152       14.25933    
         403   1.650032       2.722604    
         404   4.912173       24.12945    
         405   2.349440       5.519866    
         406   2.472107       6.111315    
         407   5.423824       29.41787    
         408   4.460527       19.89630    
         409   2.359146       5.565568    
         410   3.673376       13.49369    
         411   5.729895       32.83170    
         412   5.400943       29.17019    
         413   3.904344       15.24391    
         414   1.643710       2.701784    
         415   6.484631       42.05043    
         416   3.825144       14.63173    
         417   5.719981       32.71819    
         418   3.541094       12.53934    
         419   5.289862       27.98264    
         420   4.503882       20.28496    
         421   4.859807       23.61773    
         422   2.712556       7.357961    
         423   6.128003       37.55242    
         424   5.696844       32.45403    
         425   3.641873       13.26324    
         426   5.161853       26.64473    
         427   3.012674       9.076203    
         428   6.117344       37.42190    
         429   4.317833       18.64368    
         430   4.648720       21.61060    
         431   4.335444       18.79607    
         432   2.521967       6.360319    
         433   5.041023       25.41191    
         434   4.199922       17.63934    
         435   4.964395       24.64522    
         436   2.589926       6.707717    
         437   5.536901       30.65728    
         438   5.526768       30.54516    
         439   4.064219       16.51788    
         440   3.969609       15.75780    
         441   4.470384       19.98433    
         442   3.730448       13.91625    
         443   5.106812       26.07952    
         444   3.612099       13.04726    
         445   2.889202       8.347490    
         446   3.488470       12.16942    
         447   5.746116       33.01785    
         448   4.421285       19.54776    
         449   5.104833       26.05931    
         450   4.265697       18.19617    
         451   4.039333       16.31621    
         452   3.892143       15.14877    
         453   3.821060       14.60050    
         454   3.762980       14.16002    
         455   5.761485       33.19471    
         456   3.642987       13.27135    
         457   4.576856       20.94761    
         458   3.995251       15.96203    
         459   3.199822       10.23886    
         460   2.577345       6.642708    
         461   4.302700       18.51323    
         462   4.335363       18.79538    
         463   3.100337       9.612089    
         464   4.225776       17.85719    
         465   5.059605       25.59960    
         466   6.372597       40.60999    
         467   4.977391       24.77442    
         468   3.303400       10.91245    
         469   3.937436       15.50340    
         470   4.355866       18.97358    
         471   4.513303       20.36990    
         472   4.683909       21.93900    
         473   4.107759       16.87368    
         474   1.727551       2.984433    
         475   1.963982       3.857225    
         476   3.214166       10.33086    
         477   3.876942       15.03068    
         478   4.290309       18.40675    
         479   6.213891       38.61243    
         480   7.159696       51.26125    
         481   5.865202       34.40060    
         482   4.627228       21.41124    
         483   4.427370       19.60161    
         484   3.506368       12.29462    
         485   4.254924       18.10438    
         486   3.256516       10.60489    
         487   3.291681       10.83517    
         488   1.829039       3.345384    
         489   3.263457       10.65015    
         490   2.437960       5.943649    
         491   5.857907       34.31507    
         492   4.933314       24.33759    
         493   5.593278       31.28477    
         494   6.232304       38.84161    
         495   4.798255       23.02325    
         496   5.511277       30.37418    
         497   5.356717       28.69441    
         498   5.000281       25.00281    
         499   4.582975       21.00366    
         500   5.052206       25.52478    
         501   5.582823       31.16792    
         502   4.094853       16.76782    
         503   6.344647       40.25454    
         504   2.696852       7.273012    
         505   3.999788       15.99831    
         506   2.251208       5.067939    
         507   2.432056       5.914898    
         508   2.980218       8.881701    
         509   6.087100       37.05278    
         510   5.538456       30.67449    
         511   6.464037       41.78379    
         512   3.769947       14.21250    
         513   2.621450       6.872000    
         514   5.286705       27.94925    
         515   4.988228       24.88242    
         516   3.547589       12.58539    
         517   5.304549       28.13824    
         518   3.666626       13.44415    
         519   3.176243       10.08852    
         520   2.014423       4.057900    
         521   1.297630       1.683843    
         522   6.218600       38.67098    
         523   1.955091       3.822382    
         524   4.761446       22.67137    
         525   3.881087       15.06284    
         526   4.900121       24.01119    
         527   2.714273       7.367278    
         528   5.970265       35.64407    
         529   4.863993       23.65842    
         530   4.030437       16.24442    
         531   3.486655       12.15676    
         532   4.110192       16.89367    
         533   4.087365       16.70655    
         534   4.588964       21.05860    
         535   6.165451       38.01278    
         536   3.510639       12.32459    
         537   2.599095       6.755297    
         538   3.535233       12.49788    
         539   3.483445       12.13439    
         540   6.505486       42.32135    
         541   3.935717       15.48987    
         542   5.402436       29.18632    
         543   4.037623       16.30240    
         544   5.288729       27.97065    
         545   2.755529       7.592938    
         546   5.548905       30.79035    
         547   1.788516       3.198789    
         548   2.829778       8.007646    
         549   2.435609       5.932192    
         550   1.662098       2.762569    
         551   3.573547       12.77024    
         552   3.620805       13.11023    
         553   3.679339       13.53754    
         554   3.216598       10.34650    
         555   6.406188       41.03924    
         556   5.792332       33.55111    
         557   3.446214       11.87639    
         558   4.631400       21.44987    
         559   4.004546       16.03639    
         560   2.956069       8.738344    
         561   4.714494       22.22645    
         562   4.251459       18.07490    
         563   3.281838       10.77046    
         564   4.731121       22.38351    
         565   5.665915       32.10259    
         566   4.535169       20.56776    
         567   5.165397       26.68133    
         568   5.502069       30.27277    
         569   4.859632       23.61603    
         570   5.553973       30.84662    
         571   4.715040       22.23161    
         572   2.851534       8.131244    
         573   5.068910       25.69384    
         574   2.243973       5.035417    
         575   3.365274       11.32507    
         576   3.155638       9.958051    
         577   4.090816       16.73478    
         578   4.491993       20.17800    
         579   3.910610       15.29287    
         580   5.815613       33.82136    
         581   6.081336       36.98264    
         582   3.972474       15.78055    
         583   3.507355       12.30154    
         584   3.499258       12.24481    
         585   6.052304       36.63039    
         586   4.309229       18.56945    
         587   3.775357       14.25332    
         588   4.605750       21.21293    
         589   6.295990       39.63949    
         590   6.344471       40.25232    
         591   3.071370       9.433314    
         592   3.802113       14.45606    
         593   4.304780       18.53113    
         594   6.452349       41.63281    
         595   4.022455       16.18014    
         596   4.103757       16.84082    
         597   5.866978       34.42142    
         598   4.474123       20.01777    
         599   4.320608       18.66765    
         600   3.933677       15.47382    
         601   5.542029       30.71409    
         602   2.319933       5.382088    
         603   4.926449       24.26990    
         604   5.154134       26.56509    
         605   5.168447       26.71284    
         606   4.480713       20.07679    
         607   4.100365       16.81299    
         608   6.845350       46.85882    
         609   2.758954       7.611825    
         610   5.023212       25.23267    
         611   4.732772       22.39913    
         612   4.522107       20.44945    
         613   4.500443       20.25399    
         614   4.404191       19.39690    
         615   5.506958       30.32658    
         616   6.167771       38.04140    
         617   3.193576       10.19893    
         618   4.284149       18.35393    
         619   2.459733       6.050288    
         620   2.320150       5.383096    
         621   3.287060       10.80477    
         622   4.517460       20.40745    
         623   4.661353       21.72821    
         624   3.903117       15.23432    
         625   4.115844       16.94017    
         626   4.321050       18.67147    
         627   3.810891       14.52289    
         628   4.696232       22.05460    
         629   5.296830       28.05641    
         630   4.109131       16.88496    
         631   5.255099       27.61607    
         632   3.199409       10.23622    
         633   4.733900       22.40981    
         634   4.688276       21.97993    
         635   5.838875       34.09246    
         636   5.509778       30.35765    
         637   2.730086       7.453372    
         638   5.542870       30.72340    
         639   2.352233       5.533002    
         640   6.659234       44.34540    
         641   3.761875       14.15170    
         642   3.718287       13.82566    
         643   6.175707       38.13935    
         644   5.300654       28.09693    
         645   4.162588       17.32714    
         646   4.400529       19.36466    
         647   4.743477       22.50057    
         648   4.545476       20.66135    
         649   4.539629       20.60823    
         650   4.800014       23.04014    
         651   5.094801       25.95700    
         652   3.357191       11.27073    
         653   5.196397       27.00254    
         654   4.667374       21.78438    
         655   6.396064       40.90964    
         656   4.511559       20.35416    
         657   4.990249       24.90259    
         658   5.379526       28.93930    
         659   4.879503       23.80955    
         660   6.112205       37.35905    
         661   3.245030       10.53022    
         662   4.515189       20.38693    
         663   4.533472       20.55236    
         664   3.459225       11.96624    
         665   4.929362       24.29861    
         666   5.331824       28.42834    
         667   4.467309       19.95685    
         668   4.951645       24.51879    
         669   4.876624       23.78146    
         670   3.505727       12.29012    
         671   4.539279       20.60506    
         672   2.926109       8.562112    
         673   4.594489       21.10933    
         674   3.278783       10.75042    
         675   3.739739       13.98565    
         676   4.397285       19.33612    
         677   3.517513       12.37290    
         678   4.031229       16.25081    
         679   4.848395       23.50694    
         680   5.222688       27.27647    
         681   4.189745       17.55396    
         682   6.673983       44.54205    
         683   3.064723       9.392529    
         684   3.589427       12.88399    
         685   4.327834       18.73014    
         686   3.700464       13.69343    
         687   4.692259       22.01730    
         688   4.089287       16.72227    
         689   5.362631       28.75782    
         690   5.039832       25.39991    
         691   4.106712       16.86508    
         692   5.574224       31.07198    
         693   5.010342       25.10353    
         694   4.717710       22.25678    
         695   5.123671       26.25200    
         696   3.901722       15.22344    
         697   4.998083       24.98084    
         698   5.630581       31.70345    
         699   2.420661       5.859598    
         700   4.444032       19.74942    
         701   3.627390       13.15796    
         702   4.610320       21.25505    
         703   4.048945       16.39395    
         704   3.750682       14.06761    
         705   6.813983       46.43036    
         706   5.230812       27.36139    
         707   5.300877       28.09930    
         708   3.452258       11.91809    
         709   3.231250       10.44098    
         710   3.601577       12.97136    
         711   6.170956       38.08070    
         712   4.344830       18.87755    
         713   5.359802       28.72747    
         714   4.394040       19.30759    
         715   4.608088       21.23448    
         716   4.164191       17.34049    
         717   3.058218       9.352698    
         718   5.327160       28.37864    
         719   4.169826       17.38745    
         720   4.906732       24.07602    
         721   4.468570       19.96812    
         722   5.490032       30.14045    
         723   4.547184       20.67688    
         724   3.675091       13.50630    
         725   5.207902       27.12225    
         726   2.207540       4.873231    
         727   5.322106       28.32481    
         728   6.469850       41.85895    
         729   4.460461       19.89571    
         730   3.719409       13.83401    
         731   6.738739       45.41060    
         732   3.193168       10.19632    
         733   3.179590       10.10979    
         734   4.205555       17.68669    
         735   5.345108       28.57018    
         736   4.199949       17.63957    
         737   2.536631       6.434497    
         738   3.859044       14.89222    
         739   4.776225       22.81233    
         740   3.030511       9.184000    
         741   5.433204       29.51970    
         742   3.990722       15.92586    
         743   3.900782       15.21610    
         744   5.194052       26.97818    
         745   3.583086       12.83851    
         746   2.972399       8.835159    
         747   4.805229       23.09023    
         748   4.776821       22.81802    
         749   3.513503       12.34470    
         750   5.227163       27.32324    
         751   4.506974       20.31282    
         752   6.383145       40.74454    
         753   5.623018       31.61833    
         754   5.384301       28.99069    
         755   3.239201       10.49242    
         756   3.813786       14.54496    
         757   3.026440       9.159337    
         758   5.507031       30.32740    
         759   3.282464       10.77457    
         760   4.066278       16.53462    
         761   5.999324       35.99189    
         762   3.628392       13.16523    
         763   3.332026       11.10239    
         764   4.723489       22.31134    
         765   5.261164       27.67985    
         766   3.946512       15.57495    
         767   1.968210       3.873853    
         768   2.659674       7.073867    
         769   4.925065       24.25626    
         770   4.301839       18.50582    
         771   3.209445       10.30054    
         772   5.686440       32.33560    
         773   4.640898       21.53794    
         774   5.035052       25.35175    
         775   4.182212       17.49090    
         776   4.398603       19.34771    
         777   4.769945       22.75237    
         778   4.651256       21.63418    
         779   4.786274       22.90842    
         780   4.611798       21.26868    
         781   3.818349       14.57979    
         782   4.590039       21.06845    
         783   5.605939       31.42656    
         784   3.681331       13.55220    
         785   3.779091       14.28153    
         786   4.029380       16.23590    
         787   3.599390       12.95561    
         788   3.851616       14.83494    
         789   5.644858       31.86442    
         790   6.052476       36.63247    
         791   3.709074       13.75723    
         792   4.245789       18.02672    
         793   2.212747       4.896250    
         794   2.444805       5.977070    
         795   3.838812       14.73648    
         796   4.546346       20.66926    
         797   4.008707       16.06973    
         798   5.176650       26.79770    
         799   2.300360       5.291658    
         800   6.491542       42.14012    
         801   4.437441       19.69089    
         802   1.636891       2.679413    
         803   3.701333       13.69986    
         804   4.807515       23.11220    
         805   3.622878       13.12525    
         806   4.978132       24.78180    
         807   3.508554       12.30995    
         808   3.084272       9.512733    
         809   3.496409       12.22487    
         810   2.918068       8.515121    
         811   3.762667       14.15767    
         812   4.347441       18.90024    
         813   2.971468       8.829625    
         814   2.239300       5.014464    
         815   3.302224       10.90468    
         816   3.017755       9.106844    
         817   2.325056       5.405885    
         818   4.518855       20.42005    
         819   4.035076       16.28184    
         820   4.024664       16.19792    
         821   1.724232       2.972977    
         822   3.526497       12.43618    
         823   2.836666       8.046676    
         824   3.542927       12.55233    
         825   4.588812       21.05720    
         826   3.433892       11.79161    
         827   4.788724       22.93188    
         828   4.085284       16.68955    
         829   2.573033       6.620501    
         830   3.677027       13.52053    
         831   5.679647       32.25839    
         832   5.786068       33.47859    
         833   4.215028       17.76646    
         834   4.662524       21.73913    
         835   3.565578       12.71335    
         836   4.413302       19.47724    
         837   2.185351       4.775757    
         838   2.799326       7.836226    
         839   3.753636       14.08979    
         840   5.269007       27.76244    
         841   5.168040       26.70864    
         842   5.781167       33.42189    
         843   4.660481       21.72009    
         844   3.924898       15.40483    
         845   6.383942       40.75471    
         846   2.612098       6.823059    
         847   2.387716       5.701185    
         848   4.743194       22.49789    
         849   5.878735       34.55952    
         850   4.916598       24.17294    
         851   3.907032       15.26490    
         852   6.651136       44.23761    
         853   5.833498       34.02969    
         854   5.262213       27.69089    
         855   2.223641       4.944578    
         856   6.056299       36.67876    
         857   4.472768       20.00565    
         858   3.321486       11.03227    
         859   4.109216       16.88566    
         860   5.297665       28.06526    
         861   6.386276       40.78451    
         862   6.804719       46.30420    
         863   6.027968       36.33640    
         864   4.307550       18.55499    
         865   5.476697       29.99421    
         866   5.236753       27.42358    
         867   3.006470       9.038862    
         868   2.893911       8.374720    
         869   3.696056       13.66083    
         870   4.630224       21.43898    
         871   3.167493       10.03301    
         872   6.649830       44.22025    
         873   4.309896       18.57520    
         874   5.757499       33.14879    
         875   3.919422       15.36187    
         876   2.425264       5.881905    
         877   4.688809       21.98493    
         878   4.073557       16.59387    
         879   4.368608       19.08474    
         880   5.239988       27.45747    
         881   4.230919       17.90067    
         882   3.463795       11.99788    
         883   3.594420       12.91986    
         884   5.178037       26.81206    
         885   3.058514       9.354509    
         886   4.356960       18.98310    
         887   3.609920       13.03152    
         888   3.270847       10.69844    
         889   4.494006       20.19609    
         890   6.381065       40.71799    
         891   4.963623       24.63755    
         892   3.045205       9.273272    
         893   4.561873       20.81068    
         894   3.031863       9.192195    
         895   3.114699       9.701348    
         896   4.909652       24.10468    
         897   5.639554       31.80457    
         898   4.602274       21.18093    
         899   3.671402       13.47919    
         900   4.445165       19.75949    
         901   5.833253       34.02684    
         902   3.337079       11.13610    
         903   3.940814       15.53002    
         904   2.558454       6.545687    
         905   2.774113       7.695704    
         906   5.492762       30.17043    
         907   6.473389       41.90477    
         908   3.980072       15.84097    
         909   4.485676       20.12129    
         910   5.323988       28.34485    
         911   5.119143       26.20562    
         912   1.744546       3.043442    
         913   4.618112       21.32696    
         914   3.494159       12.20914    
         915   3.884424       15.08875    
         916   4.098217       16.79538    
         917   2.889992       8.352051    
         918   3.131263       9.804811    
         919   4.430542       19.62971    
         920   3.801155       14.44878    
         921   3.564105       12.70285    
         922   4.760732       22.66457    
         923   3.659125       13.38919    
         924   2.112192       4.461357    
         925   6.197440       38.40826    
         926   4.786069       22.90646    
         927   7.192630       51.73393    
         928   3.337210       11.13697    
         929   4.795870       23.00037    
         930   5.698736       32.47559    
         931   4.544363       20.65123    
         932   3.406468       11.60402    
         933   4.557453       20.77037    
         934   4.340642       18.84117    
         935   5.727395       32.80306    
         936   4.476952       20.04310    
         937   3.970843       15.76759    
         938   4.075702       16.61135    
         939   2.851475       8.130911    
         940   5.690055       32.37674    
         941   2.924460       8.552466    
         942   4.850677       23.52906    
         943   4.757509       22.63389    
         944   3.654704       13.35686    
         945   3.704945       13.72662    
         946   6.608222       43.66860    
         947   4.239091       17.96990    
         948   3.627955       13.16206    
         949   5.552395       30.82909    
         950   2.128046       4.528579    
         951   5.260018       27.66779    
         952   5.016011       25.16036    
         953   4.817486       23.20817    
         954   4.065213       16.52596    
         955   3.475306       12.07775    
         956   5.223235       27.28218    
         957   2.212996       4.897350    
         958   4.193785       17.58783    
         959   4.611412       21.26512    
         960   4.666596       21.77712    
         961   5.318262       28.28391    
         962   5.753413       33.10176    
         963   2.246579       5.047120    
         964   2.073239       4.298319    
         965   4.924348       24.24921    
         966   4.788640       22.93107    
         967   4.169622       17.38575    
         968   3.284529       10.78813    
         969   3.906758       15.26276    
         970   6.570966       43.17759    
         971   5.035187       25.35311    
         972   4.395609       19.32138    
         973   5.015476       25.15500    
         974   5.794347       33.57446    
         975   6.176285       38.14650    
         976   5.739749       32.94472    
         977   4.596838       21.13093    
         978   4.908012       24.08858    
         979   3.285471       10.79432    
         980   4.097466       16.78922    
         981   3.244814       10.52882    
         982   4.074964       16.60533    
         983   3.936729       15.49783    
         984   3.761047       14.14547    
         985   3.346353       11.19808    
         986   4.573299       20.91507    
         987   3.316011       10.99593    
         988   4.503610       20.28250    
         989   2.502647       6.263241    
         990   3.761328       14.14759    
         991   4.755186       22.61179    
         992   3.455908       11.94330    
         993   3.793115       14.38772    
         994   4.665205       21.76414    
         995   5.231279       27.36628    
         996   4.859980       23.61941    
         997   5.538171       30.67134    
         998   3.676003       13.51299    
         999   1.881677       3.540708    
        1000   5.037376       25.37516    
        1001   4.285573       18.36614    
        1002   4.991043       24.91051    
        1003   4.699197       22.08245    
        1004   3.035579       9.214743    
        1005   3.865766       14.94414    
        1006   5.838653       34.08987    
        1007   4.783261       22.87959    
        1008   4.687507       21.97272    
        1009   3.834714       14.70503    
        1010   4.000342       16.00274    
        1011   3.357929       11.27569    
        1012   4.256930       18.12146    
        1013   5.229171       27.34423    
        1014   3.239934       10.49717    
        1015   5.076133       25.76712    
        1016   6.832722       46.68609    
        1017   6.249111       39.05139    
        1018   4.724490       22.32080    
        1019   5.712557       32.63331    
        1020   5.785918       33.47684    
        1021   3.269782       10.69147    
        1022   4.636773       21.49966    
        1023   3.308712       10.94758    
        1024   3.749642       14.05982    
        1025   2.986199       8.917387    
        1026   3.144699       9.889132    
        1027   4.012552       16.10058    
        1028   4.420864       19.54403    
        1029   2.430528       5.907465    
        1030   5.189004       26.92576    
        1031   2.789926       7.783685    
        1032   5.415827       29.33119    
        1033   4.103271       16.83684    
        1034   5.444697       29.64473    
        1035   3.926554       15.41783    
        1036   2.295443       5.269058    
        1037   6.267599       39.28280    
        1038   5.768829       33.27939    
        1039   5.429662       29.48123    
        1040   3.332754       11.10725    
        1041   5.307191       28.16628    
        1042   4.889536       23.90756    
        1043   5.040352       25.40515    
        1044   4.977304       24.77356    
        1045   4.247191       18.03863    
        1046   3.470430       12.04389    
        1047   3.761342       14.14769    
        1048   4.372958       19.12276    
        1049   4.134703       17.09576    
        1050   4.206563       17.69517    
        1051   5.578080       31.11498    
        1052   2.855511       8.153943    
        1053   3.403804       11.58588    
        1054   5.264343       27.71330    
        1055   6.066643       36.80416    
        1056   3.392287       11.50761    
        1057   6.002183       36.02621    
        1058   3.302610       10.90723    
        1059   5.693837       32.41978    
        1060   4.214908       17.76544    
        1061   3.868579       14.96590    
        1062   4.033807       16.27160    
        1063   6.976541       48.67212    
        1064   4.613779       21.28696    
        1065   3.249602       10.55992    
        1066   5.169035       26.71893    
        1067   4.592689       21.09279    
        1068   4.115821       16.93998    
        1069   4.572872       20.91116    
        1070   2.568343       6.596385    
        1071   5.540640       30.69869    
        1072   4.483308       20.10005    
        1073   5.835765       34.05616    
        1074   4.216187       17.77624    
        1075   3.168625       10.04018    
        1076   2.214995       4.906202    
        1077   4.389175       19.26486    
        1078   3.526176       12.43392    
        1079   3.562609       12.69218    
        1080   4.912069       24.12842    
        1081   6.056440       36.68047    
        1082   4.449494       19.79799    
        1083   5.920826       35.05619    
        1084   3.211813       10.31574    
        1085   3.101115       9.616914    
        1086   3.964645       15.71841    
        1087   3.166130       10.02438    
        1088   4.239127       17.97020    
        1089   4.367825       19.07789    
        1090   3.054763       9.331574    
        1091   4.140388       17.14281    
        1092   3.451437       11.91241    
        1093   5.479992       30.03032    
        1094   4.667782       21.78819    
        1095   3.252661       10.57980    
        1096   3.533368       12.48469    
        1097   5.293911       28.02549    
        1098   5.561556       30.93090    
        1099   5.340068       28.51633    
        1100   3.117118       9.716429    
        1101   5.699202       32.48090    
        1102   3.653590       13.34872    
        1103   5.361718       28.74802    
        1104   6.269285       39.30394    
        1105   4.110055       16.89255    
        1106   6.353815       40.37096    
        1107   5.544749       30.74424    
        1108   4.168377       17.37537    
        1109   5.439743       29.59080    
        1110   5.835096       34.04834    
        1111   2.806957       7.879006    
        1112   4.938509       24.38887    
        1113   5.536758       30.65569    
        1114   4.490372       20.16344    
        1115   4.308144       18.56010    
        1116   5.247891       27.54036    
        1117   4.369523       19.09273    
        1118   6.141282       37.71535    
        1119   4.893748       23.94877    
        1120   5.349030       28.61212    
        1121   4.331663       18.76330    
        1122   2.873029       8.254294    
        1123   4.867188       23.68952    
        1124   2.675077       7.156040    
        1125   5.819016       33.86095    
        1126   5.803774       33.68380    
        1127   4.482133       20.08952    
        1128   5.436275       29.55308    
        1129   6.590748       43.43797    
        1130   2.890111       8.352744    
        1131   3.901843       15.22438    
        1132   5.998769       35.98523    
        1133   4.174688       17.42802    
        1134   3.189106       10.17039    
        1135   3.971580       15.77345    
        1136   4.583692       21.01023    
        1137   6.122893       37.48982    
        1138   3.676685       13.51801    
        1139   3.799008       14.43246    
        1140   3.340830       11.16114    
        1141   4.992352       24.92358    
        1142   3.869616       14.97393    
        1143   3.612216       13.04810    
        1144   5.330526       28.41451    
        1145   3.766769       14.18855    
        1146   5.914142       34.97708    
        1147   2.217512       4.917358    
        1148   3.980538       15.84469    
        1149   4.015891       16.12738    
        1150   2.064085       4.260449    
        1151   5.234046       27.39523    
        1152   4.834391       23.37133    
        1153   4.825450       23.28497    
        1154   2.359104       5.565371    
        1155   2.743548       7.527056    
        1156   4.724261       22.31864    
        1157   4.999809       24.99809    
        1158   4.431142       19.63502    
        1159   4.215053       17.76668    
        1160   6.186976       38.27868    
        1161   5.306351       28.15736    
        1162   5.287804       27.96087    
        1163   5.728713       32.81815    
        1164   3.152097       9.935717    
        1165   5.686620       32.33765    
        1166   5.176635       26.79755    
        1167   3.712461       13.78237    
        1168   2.913150       8.486445    
        1169   5.498052       30.22857    
        1170   3.847294       14.80167    
        1171   2.934297       8.610099    
        1172   3.492681       12.19882    
        1173   3.185272       10.14596    
        1174   4.265399       18.19363    
        1175   3.394872       11.52515    
        1176   5.233722       27.39185    
        1177   3.975857       15.80744    
        1178   3.803879       14.46950    
        1179   3.244906       10.52942    
        1180   4.054646       16.44015    
        1181   2.466566       6.083948    
        1182   4.755549       22.61525    
        1183   5.403360       29.19630    
        1184   2.366503       5.600334    
        1185   4.624123       21.38251    
        1186   3.269673       10.69076    
        1187   6.071541       36.86362    
        1188   4.651955       21.64069    
        1189   3.976811       15.81503    
        1190   2.200728       4.843204    
        1191   2.148812       4.617392    
        1192   5.537963       30.66903    
        1193   3.277078       10.73924    
        1194   3.999734       15.99787    
        1195   6.105393       37.27582    
        1196   5.268328       27.75528    
        1197   4.683183       21.93220    
        1198   6.877417       47.29886    
        1199   2.931517       8.593792    
        1200   3.539552       12.52843    
        1201   2.705969       7.322267    
        1202   2.637673       6.957319    
        1203   2.198017       4.831279    
        1204   2.912967       8.485375    
        1205   5.736998       32.91314    
        1206   2.769242       7.668701    
        1207   3.321975       11.03552    
        1208   5.524507       30.52017    
        1209   4.367857       19.07817    
        1210   3.677180       13.52165    
        1211   5.238755       27.44455    
        1212   4.871100       23.72762    
        1213   3.487122       12.16002    
        1214   3.666330       13.44197    
        1215   3.607311       13.01269    
        1216   5.554170       30.84880    
        1217   5.695585       32.43969    
        1218   4.100069       16.81056    
        1219   4.463739       19.92497    
        1220   2.276546       5.182662    
        1221   3.585939       12.85896    
        1222   5.303354       28.12556    
        1223   6.248265       39.04082    
        1224   5.047169       25.47391    
        1225   2.543857       6.471207    
        1226   4.215317       17.76890    
        1227   6.159561       37.94019    
        1228   6.177745       38.16454    
        1229   5.181570       26.84867    
        1230   4.773828       22.78943    
        1231   5.658689       32.02076    
        1232   4.027994       16.22474    
        1233   4.296284       18.45806    
        1234   3.976111       15.80946    
        1235   2.822889       7.968704    
        1236   6.046075       36.55502    
        1237   4.432765       19.64940    
        1238   4.924845       24.25410    
        1239   4.666784       21.77887    
        1240   4.115742       16.93933    
        1241   4.448792       19.79175    
        1242   2.997263       8.983584    
        1243   5.618048       31.56246    
        1244   2.541633       6.459898    
        1245   4.904573       24.05484    
        1246   4.422293       19.55667    
        1247   4.627291       21.41183    
        1248   5.118795       26.20207    
        1249   3.341816       11.16774    
        1250   3.960770       15.68770    
        1251   6.539211       42.76128    
        1252   4.749272       22.55559    
        1253   2.581974       6.666587    
        1254   5.315853       28.25830    
        1255   5.202771       27.06883    
        1256   3.942647       15.54446    
        1257   3.746097       14.03324    
        1258   4.038653       16.31072    
        1259   4.016201       16.12988    
        1260   3.542354       12.54827    
        1261   5.301316       28.10395    
        1262   4.845963       23.48336    
        1263   5.243133       27.49045    
        1264   5.830967       34.00019    
        1265   4.593877       21.10371    
        1266   3.022907       9.137969    
        1267   5.361176       28.74221    
        1268   3.725105       13.87640    
        1269   5.212087       27.16585    
        1270   4.188242       17.54137    
        1271   3.233170       10.45339    
        1272   3.933074       15.46907    
        1273   1.969609       3.879361    
        1274   4.194556       17.59430    
        1275   3.030082       9.181396    
        1276   2.208157       4.875958    
        1277   1.628822       2.653060    
        1278   2.026577       4.107015    
        1279   2.740943       7.512768    
        1280   4.523732       20.46415    
        1281   3.153921       9.947216    
        1282   3.833199       14.69341    
        1283   3.089148       9.542833    
        1284   2.765720       7.649204    
        1285   4.287644       18.38390    
        1286   5.000038       25.00038    
        1287   4.993914       24.93917    
        1288   4.331221       18.75947    
        1289   4.324980       18.70545    
        1290   3.787083       14.34200    
        1291   5.665929       32.10275    
        1292   3.708765       13.75494    
        1293   4.957452       24.57634    
        1294   5.826381       33.94671    
        1295   3.915654       15.33235    
        1296   4.534439       20.56113    
        1297   4.673687       21.84336    
        1298   4.869897       23.71589    
        1299   6.167626       38.03961    
        1300   2.973372       8.840940    
        1301   4.850163       23.52407    
        1302   3.911261       15.29796    
        1303   4.174486       17.42633    
        1304   4.807566       23.11269    
        1305   3.175817       10.08581    
        1306   4.672733       21.83444    
        1307   5.375494       28.89594    
        1308   2.581344       6.663336    
        1309   4.175253       17.43274    
        1310   4.671216       21.82026    
        1311   4.776936       22.81911    
        1312   3.382781       11.44321    
        1313   4.101030       16.81845    
        1314   4.256063       18.11407    
        1315   3.567250       12.72528    
        1316   4.754013       22.60063    
        1317   6.113127       37.37032    
        1318   4.330651       18.75454    
        1319   5.772650       33.32349    
        1320   4.355896       18.97383    
        1321   5.694422       32.42644    
        1322   3.475224       12.07719    
        1323   5.044235       25.44431    
        1324   6.372310       40.60634    
        1325   3.473566       12.06566    
        1326   5.223988       27.29004    
        1327   3.104509       9.637980    
        1328   4.238973       17.96889    
        1329   4.693905       22.03275    
        1330   3.427142       11.74530    
        1331   5.637826       31.78508    
        1332   4.764186       22.69747    
        1333   3.067562       9.409940    
        1334   4.827370       23.30350    
        1335   4.869425       23.71130    
        1336   5.607678       31.44605    
        1337   3.815692       14.55951    
        1338   2.236023       4.999798    
        1339   4.909362       24.10184    
        1340   4.225006       17.85068    
        1341   3.929367       15.43993    
        1342   4.756178       22.62123    
        1343   3.053978       9.326780    
        1344   3.936960       15.49965    
        1345   4.981180       24.81215    
        1346   3.719991       13.83833    
        1347   5.385422       29.00278    
        1348   3.452502       11.91977    
        1349   6.350868       40.33353    
        1350   3.163636       10.00859    
        1351   4.932204       24.32664    
        1352   6.650742       44.23237    
        1353   3.954859       15.64091    
        1354   3.645642       13.29071    
        1355   3.766938       14.18982    
        1356   5.067768       25.68227    
        1357   6.017916       36.21531    
        1358   6.924795       47.95278    
        1359   4.776326       22.81329    
        1360   4.595913       21.12242    
        1361   5.297207       28.06041    
        1362   1.266171       1.603190    
        1363   5.696743       32.45289    
        1364   4.114458       16.92876    
        1365   2.594620       6.732053    
        1366   4.781148       22.85938    
        1367   3.805681       14.48321    
        1368   6.020095       36.24154    
        1369   2.355853       5.550043    
        1370   5.208930       27.13296    
        1371   4.071386       16.57618    
        1372   3.441932       11.84690    
        1373   3.218850       10.36099    
        1374   5.995470       35.94566    
        1375   2.642949       6.985180    
        1376   6.968390       48.55846    
        1377   3.545110       12.56780    
        1378   5.184402       26.87802    
        1379   3.221098       10.37547    
        1380   3.904841       15.24779    
        1381   2.963531       8.782514    
        1382   3.502012       12.26409    
        1383   4.297148       18.46548    
        1384   3.862516       14.91903    
        1385   3.466946       12.01971    
        1386   4.537508       20.58898    
        1387   6.242297       38.96627    
        1388   2.475844       6.129805    
        1389   4.335589       18.79733    
        1390   5.177980       26.81147    
        1391   5.011201       25.11214    
        1392   3.308477       10.94602    
        1393   2.739510       7.504914    
        1394   2.928264       8.574731    
        1395   4.420129       19.53754    
        1396   2.760521       7.620476    
        1397   4.972696       24.72770    
        1398   2.702763       7.304926    
        1399   4.546287       20.66873    
        1400   6.014799       36.17780    
        1401   6.098456       37.19117    
        1402   5.061991       25.62375    
        1403   5.006180       25.06184    
        1404   4.586491       21.03590    
        1405   3.547048       12.58155    
        1406   3.012388       9.074485    
        1407   3.021591       9.130010    
        1408   3.238770       10.48963    
        1409   3.786060       14.33425    
        1410   6.481901       42.01505    
        1411   4.585444       21.02629    
        1412   3.874929       15.01508    
        1413   2.679449       7.179447    
        1414   2.272345       5.163551    
        1415   4.715734       22.23815    
        1416   4.039154       16.31476    
        1417   4.506081       20.30477    
        1418   4.385237       19.23030    
        1419   3.012133       9.072944    
        1420   4.385499       19.23260    
        1421   4.634322       21.47694    
        1422   4.722157       22.29876    
        1423   4.278153       18.30259    
        1424   4.704767       22.13483    
        1425   6.714217       45.08071    
        1426   4.355139       18.96724    
        1427   3.657527       13.37751    
        1428   4.960880       24.61033    
        1429   5.912384       34.95628    
        1430   4.401102       19.36970    
        1431   3.420296       11.69842    
        1432   2.123055       4.507365    
        1433   4.586100       21.03231    
        1434   5.586915       31.21361    
        1435   2.736912       7.490687    
        1436   4.591443       21.08135    
        1437   4.181494       17.48490    
        1438   3.441616       11.84472    
        1439   3.763956       14.16737    
        1440   4.876052       23.77588    
        1441   4.322360       18.68279    
        1442   3.928388       15.43223    
        1443   4.318789       18.65195    
        1444   5.521334       30.48513    
        1445   3.297473       10.87333    
        1446   4.992795       24.92800    
        1447   6.193915       38.36458    
        1448   4.395899       19.32393    
        1449   5.739166       32.93803    
        1450   5.592288       31.27368    
        1451   7.014016       49.19641    
        1452   5.678994       32.25097    
        1453   2.867581       8.223020    
        1454   5.366322       28.79741    
        1455   5.068514       25.68983    
        1456   4.274031       18.26735    
        1457   5.634892       31.75201    
        1458   3.764579       14.17206    
        1459   3.411220       11.63642    
        1460   4.144290       17.17514    
        1461   5.373891       28.87871    
        1462   3.649701       13.32032    
        1463   5.054366       25.54662    
        1464   4.303970       18.52416    
        1465   2.591622       6.716505    
        1466   4.173226       17.41582    
        1467   3.964975       15.72103    
        1468   3.540105       12.53234    
        1469   2.452165       6.013112    
        1470   3.866048       14.94633    
        1471   4.367396       19.07415    
        1472   2.608704       6.805337    
        1473   3.968186       15.74650    
        1474   4.920413       24.21046    
        1475   6.014595       36.17535    
        1476   3.143173       9.879539    
        1477   3.107462       9.656321    
        1478   5.103445       26.04515    
        1479   4.595723       21.12067    
        1480   5.201308       27.05360    
        1481   2.868482       8.228190    
        1482   2.906701       8.448913    
        1483   3.251282       10.57083    
        1484   4.368280       19.08187    
        1485   3.415630       11.66653    
        1486   3.917023       15.34307    
        1487   2.480826       6.154497    
        1488   4.884019       23.85364    
        1489   5.074839       25.75399    
        1490   3.695139       13.65406    
        1491   2.572320       6.616827    
        1492   6.677916       44.59457    
        1493   3.479678       12.10816    
        1494   5.128597       26.30250    
        1495   5.439742       29.59079    
        1496   3.022155       9.133424    
        1497   4.517664       20.40929    
        1498   2.156703       4.651366    
        1499   5.085426       25.86156    
        1500   4.721065       22.28846    
