           1   2.017428       4.070018    
           2   3.220028       10.36858    
           3   5.669274       32.14067    
           4   4.860991       23.62922    
           5   4.415626       19.49776    
           6   3.161990       9.998183    
           7   4.486976       20.13295    
           8   4.416731       19.50752    
           9   3.547330       12.58355    
          10   7.057330       49.80591    
          11   5.186705       26.90191    
          12   4.810578       23.14166    
          13   3.571449       12.75525    
          14   3.265291       10.66213    
          15   5.955878       35.47248    
          16   4.455246       19.84922    
          17   3.188251       10.16494    
          18   4.810090       23.13697    
          19   6.351279       40.33875    
          20   5.002787       25.02788    
          21   3.323351       11.04467    
          22   2.853731       8.143780    
          23   5.630177       31.69890    
          24   5.743008       32.98214    
          25   4.930738       24.31218    
          26   3.544477       12.56331    
          27   5.649477       31.91659    
          28   4.908445       24.09283    
          29   5.420482       29.38163    
          30   5.036440       25.36573    
          31   4.939691       24.40055    
          32   3.860451       14.90308    
          33   2.259223       5.104090    
          34   6.796577       46.19347    
          35   2.497566       6.237833    
          36   3.458168       11.95893    
          37   3.206720       10.28305    
          38   5.581520       31.15337    
          39   4.296918       18.46350    
          40   3.152665       9.939296    
          41   4.876806       23.78323    
          42   4.146404       17.19267    
          43   3.023874       9.143813    
          44   4.209934       17.72355    
          45   6.541612       42.79269    
          46   6.132663       37.60956    
          47   4.211402       17.73591    
          48   4.587884       21.04868    
          49   3.376173       11.39854    
          50   4.898697       23.99723    
          51   5.764751       33.23236    
          52   2.100223       4.410938    
          53   7.489614       56.09432    
          54   5.467383       29.89228    
          55   3.067174       9.407556    
          56   3.838036       14.73052    
          57   5.721119       32.73120    
          58   5.583302       31.17327    
          59   6.173759       38.11530    
          60   4.912040       24.12813    
          61   4.240369       17.98073    
          62   4.791271       22.95628    
          63   5.152829       26.55164    
          64   2.703382       7.308273    
          65   3.333025       11.10906    
          66   3.208299       10.29318    
          67   5.092125       25.92974    
          68   3.930885       15.45185    
          69   4.639292       21.52304    
          70   5.353705       28.66216    
          71   5.651494       31.93938    
          72   4.408935       19.43870    
          73   5.196590       27.00455    
          74   4.910658       24.11457    
          75   3.964362       15.71617    
          76   5.140516       26.42491    
          77   3.445792       11.87348    
          78   5.875010       34.51574    
          79   3.108264       9.661309    
          80   1.910030       3.648216    
          81   5.617849       31.56023    
          82   4.619602       21.34072    
          83   4.076391       16.61696    
          84   4.160845       17.31263    
          85   4.282719       18.34168    
          86   2.417399       5.843817    
          87   3.981941       15.85586    
          88   5.174178       26.77211    
          89   3.283656       10.78240    
          90   5.480206       30.03266    
          91   3.273048       10.71285    
          92   3.820148       14.59353    
          93   3.670829       13.47499    
          94   3.027685       9.166878    
          95   4.322710       18.68582    
          96   4.050200       16.40412    
          97   3.919092       15.35928    
          98   6.211265       38.57981    
          99   4.523663       20.46352    
         100   5.692542       32.40504    
         101   4.162794       17.32885    
         102   4.153498       17.25155    
         103   4.711537       22.19858    
         104   5.001943       25.01943    
         105   4.386725       19.24335    
         106   1.810100       3.276463    
         107   4.679134       21.89430    
         108   5.326993       28.37685    
         109   5.312932       28.22725    
         110   7.225730       52.21117    
         111   4.149491       17.21828    
         112   5.000838       25.00838    
         113   4.234144       17.92798    
         114   5.302164       28.11294    
         115   4.320357       18.66549    
         116   5.870980       34.46841    
         117   4.571366       20.89739    
         118   4.736137       22.43099    
         119   5.566345       30.98420    
         120   3.764666       14.17271    
         121   4.249730       18.06020    
         122   5.182210       26.85530    
         123   4.586602       21.03692    
         124   2.659498       7.072930    
         125   3.057601       9.348924    
         126   2.407318       5.795179    
         127   4.369666       19.09398    
         128   5.610143       31.47370    
         129   5.955454       35.46743    
         130   3.505302       12.28714    
         131   4.129330       17.05137    
         132   5.205306       27.09521    
         133   3.729571       13.90970    
         134   4.969543       24.69636    
         135   5.604338       31.40860    
         136   4.751623       22.57792    
         137   5.168723       26.71570    
         138   4.869329       23.71037    
         139   3.406615       11.60503    
         140   4.390238       19.27419    
         141   4.075561       16.61020    
         142   4.308101       18.55974    
         143   4.248461       18.04942    
         144   5.605349       31.41993    
         145   3.363771       11.31495    
         146   6.042080       36.50673    
         147   2.100919       4.413858    
         148   4.570262       20.88729    
         149   3.874405       15.01102    
         150   5.586222       31.20588    
         151   3.903195       15.23493    
         152   3.981763       15.85444    
         153   2.564486       6.576587    
         154   3.509373       12.31570    
         155   3.847953       14.80674    
         156   3.113439       9.693504    
         157   4.675359       21.85898    
         158   4.917645       24.18324    
         159   4.304116       18.52541    
         160   3.330923       11.09505    
         161   5.002470       25.02470    
         162   3.125818       9.770737    
         163   3.725039       13.87591    
         164   3.555844       12.64403    
         165   5.462794       29.84212    
         166   3.952408       15.62153    
         167   6.160351       37.94992    
         168   3.902350       15.22834    
         169   4.283635       18.34953    
         170   5.238717       27.44416    
         171   2.810428       7.898506    
         172   4.216395       17.77799    
         173   4.316370       18.63105    
         174   5.431700       29.50337    
         175   3.964814       15.71975    
         176   4.701897       22.10783    
         177   5.217310       27.22032    
         178   5.473810       29.96259    
         179   5.080093       25.80734    
         180   3.596672       12.93605    
         181   4.212566       17.74571    
         182   4.758589       22.64417    
         183   2.829820       8.007880    
         184   3.278538       10.74881    
         185   2.845983       8.099620    
         186   5.101851       26.02888    
         187   4.220958       17.81648    
         188   4.251251       18.07314    
         189   4.887417       23.88685    
         190   5.221891       27.26815    
         191   5.086458       25.87206    
         192   4.339795       18.83382    
         193   5.426731       29.44941    
         194   3.728069       13.89850    
         195   5.599936       31.35929    
         196   3.277989       10.74521    
         197   4.821000       23.24204    
         198   3.664730       13.43024    
         199   4.075000       16.60563    
         200   1.945427       3.784687    
         201   3.046346       9.280226    
         202   5.264618       27.71621    
         203   6.117609       37.42514    
         204   4.931849       24.32314    
         205   4.748931       22.55235    
         206   2.902022       8.421735    
         207   3.480608       12.11464    
         208   3.990754       15.92612    
         209   5.225850       27.30950    
         210   4.959830       24.59992    
         211   2.397841       5.749643    
         212   5.525641       30.53271    
         213   3.263033       10.64738    
         214   2.304281       5.309711    
         215   3.159132       9.980114    
         216   4.219560       17.80468    
         217   4.140554       17.14419    
         218   2.992327       8.954022    
         219   3.765795       14.18122    
         220   3.192933       10.19482    
         221   3.781732       14.30149    
         222   4.242808       18.00142    
         223   4.773412       22.78546    
         224   6.323410       39.98552    
         225   5.826396       33.94690    
         226   4.781522       22.86295    
         227   6.583766       43.34597    
         228   3.190991       10.18242    
         229   4.788060       22.92552    
         230   5.705534       32.55311    
         231   5.225901       27.31004    
         232   3.024046       9.144852    
         233   5.140062       26.42024    
         234   4.933969       24.34405    
         235   4.924248       24.24822    
         236   3.577049       12.79528    
         237   5.407482       29.24086    
         238   4.709163       22.17622    
         239   4.801288       23.05236    
         240   4.833475       23.36248    
         241   5.915523       34.99341    
         242   3.205432       10.27480    
         243   2.662464       7.088714    
         244   4.387057       19.24627    
         245   5.661925       32.05739    
         246   5.830572       33.99557    
         247   4.551659       20.71760    
         248   2.499624       6.248121    
         249   4.536959       20.58400    
         250   4.856014       23.58087    
         251   2.769985       7.672818    
         252   6.297505       39.65857    
         253   4.052760       16.42487    
         254   6.280362       39.44295    
         255   5.496665       30.21333    
         256   5.801823       33.66115    
         257   3.954470       15.63783    
         258   2.896024       8.386954    
         259   6.112986       37.36860    
         260   2.584586       6.680086    
         261   2.310025       5.336214    
         262   4.797088       23.01205    
         263   3.752664       14.08249    
         264   4.547180       20.67685    
         265   5.368927       28.82538    
         266   2.827505       7.994782    
         267   3.800891       14.44677    
         268   4.100376       16.81309    
         269   3.887649       15.11381    
         270   2.910162       8.469045    
         271   4.296123       18.45667    
         272   5.012146       25.12161    
         273   2.701375       7.297429    
         274   3.992131       15.93711    
         275   4.698544       22.07631    
         276   5.062634       25.63026    
         277   4.978893       24.78937    
         278   4.923337       24.23925    
         279   4.653567       21.65569    
         280   4.542302       20.63251    
         281   5.124851       26.26410    
         282   5.943014       35.31941    
         283   1.893627       3.585823    
         284   2.649321       7.018901    
         285   3.604297       12.99096    
         286   4.634810       21.48147    
         287   3.202226       10.25425    
         288   3.725024       13.87580    
         289   4.647093       21.59547    
         290   4.273652       18.26410    
         291   4.228647       17.88146    
         292   3.896140       15.17991    
         293   5.381945       28.96533    
         294   2.879306       8.290402    
         295   7.439461       55.34558    
         296   3.617832       13.08871    
         297   5.117769       26.19156    
         298   2.331734       5.436983    
         299   2.667499       7.115551    
         300   2.637775       6.957859    
         301   3.262259       10.64233    
         302   4.259871       18.14650    
         303   6.196902       38.40159    
         304   3.994627       15.95704    
         305   3.665853       13.43848    
         306   4.350184       18.92410    
         307   3.148852       9.915269    
         308   3.375730       11.39555    
         309   4.790193       22.94595    
         310   3.855579       14.86549    
         311   4.546677       20.67227    
         312   4.240240       17.97963    
         313   5.053880       25.54170    
         314   4.839474       23.42051    
         315   3.797111       14.41805    
         316   4.540798       20.61885    
         317   5.526158       30.53842    
         318   2.945074       8.673462    
         319   4.653290       21.65311    
         320   4.038692       16.31104    
         321   3.912925       15.31098    
         322   3.559626       12.67094    
         323   4.005515       16.04415    
         324   3.311548       10.96635    
         325   3.268323       10.68193    
         326   2.999352       8.996110    
         327   4.800442       23.04424    
         328   4.534620       20.56278    
         329   4.518569       20.41746    
         330   2.770111       7.673515    
         331   4.338293       18.82079    
         332   3.926415       15.41674    
         333   2.283845       5.215948    
         334   5.447685       29.67728    
         335   4.980976       24.81012    
         336   4.622658       21.36897    
         337   5.247037       27.53140    
         338   4.469478       19.97623    
         339   5.636700       31.77238    
         340   3.549103       12.59614    
         341   4.749778       22.56039    
         342   4.985456       24.85477    
         343   4.022050       16.17688    
         344   5.261279       27.68105    
         345   6.017196       36.20665    
         346   5.951893       35.42503    
         347   5.092471       25.93327    
         348   4.551990       20.72061    
         349   4.055778       16.44933    
         350   3.516906       12.36863    
         351   3.747021       14.04017    
         352   3.393257       11.51419    
         353   5.103003       26.04063    
         354   3.925269       15.40774    
         355   2.587844       6.696939    
         356   4.794507       22.98730    
         357   3.390562       11.49591    
         358   5.724491       32.76979    
         359   4.397096       19.33446    
         360   4.022624       16.18151    
         361   5.081537       25.82202    
         362   5.284632       27.92733    
         363   5.325163       28.35736    
         364   3.901476       15.22151    
         365   4.422094       19.55491    
         366   2.636797       6.952696    
         367   3.413776       11.65387    
         368   3.870963       14.98436    
         369   5.225750       27.30846    
         370   3.731389       13.92326    
         371   4.400758       19.36667    
         372   3.321523       11.03252    
         373   4.977582       24.77633    
         374   2.223324       4.943167    
         375   2.546622       6.485286    
         376   5.162003       26.64627    
         377   4.470821       19.98824    
         378   6.013628       36.16372    
         379   4.540111       20.61261    
         380   3.818989       14.58468    
         381   1.845894       3.407324    
         382   4.431406       19.63736    
         383   4.016386       16.13136    
         384   4.484884       20.11419    
         385   4.729867       22.37165    
         386   2.374551       5.638494    
         387   2.313397       5.351805    
         388   4.071995       16.58114    
         389   4.155166       17.26540    
         390   4.509930       20.33947    
         391   2.513516       6.317763    
         392   6.041675       36.50183    
         393   4.496782       20.22104    
         394   5.267100       27.74234    
         395   4.121468       16.98650    
         396   3.468532       12.03072    
         397   4.690896       22.00450    
         398   3.124831       9.764568    
         399   4.725592       22.33122    
         400   5.075023       25.75586    
         401   5.509316       30.35257    
         402   4.213015       17.74949    
         403   3.446325       11.87716    
         404   4.624513       21.38612    
         405   3.439912       11.83299    
         406   4.546614       20.67170    
         407   4.479465       20.06561    
         408   4.185542       17.51876    
         409   4.062324       16.50247    
         410   3.720400       13.84137    
         411   4.499212       20.24291    
         412   3.107833       9.658625    
         413   5.566179       30.98235    
         414   4.664121       21.75403    
         415   4.423602       19.56826    
         416   4.620816       21.35194    
         417   5.651493       31.93937    
         418   4.546593       20.67151    
         419   4.214342       17.76068    
         420   4.494788       20.20312    
         421   5.078164       25.78775    
         422   4.969603       24.69695    
         423   6.204479       38.49556    
         424   5.767103       33.25948    
         425   3.693704       13.64345    
         426   3.123169       9.754183    
         427   2.606520       6.793945    
         428   5.118989       26.20406    
         429   5.222855       27.27821    
         430   4.087059       16.70405    
         431   3.593748       12.91502    
         432   4.505509       20.29961    
         433   6.295692       39.63574    
         434   3.796136       14.41065    
         435   2.440402       5.955563    
         436   6.493861       42.17023    
         437   2.210374       4.885752    
         438   6.153809       37.86937    
         439   3.399266       11.55501    
         440   3.426552       11.74126    
         441   4.311884       18.59234    
         442   3.322134       11.03658    
         443   2.035864       4.144742    
         444   4.663876       21.75173    
         445   5.383711       28.98434    
         446   3.278374       10.74774    
         447   4.035553       16.28569    
         448   4.421285       19.54776    
         449   2.599068       6.755155    
         450   3.203637       10.26329    
         451   3.537315       12.51260    
         452   6.067643       36.81629    
         453   6.170743       38.07808    
         454   2.377913       5.654471    
         455   5.209580       27.13972    
         456   6.094811       37.14672    
         457   4.974134       24.74201    
         458   5.252448       27.58821    
         459   4.646223       21.58739    
         460   4.144419       17.17621    
         461   4.753529       22.59604    
         462   4.001235       16.00988    
         463   5.504829       30.30315    
         464   4.380214       19.18628    
         465   5.059605       25.59960    
         466   3.794324       14.39690    
         467   5.627870       31.67292    
         468   4.671926       21.82689    
         469   3.937436       15.50340    
         470   4.832319       23.35131    
         471   5.714262       32.65280    
         472   3.117002       9.715699    
         473   3.285410       10.79392    
         474   3.377694       11.40882    
         475   6.322773       39.97746    
         476   5.368068       28.81616    
         477   4.552122       20.72181    
         478   3.281905       10.77090    
         479   5.984714       35.81681    
         480   4.896914       23.97977    
         481   2.762405       7.630883    
         482   4.495979       20.21383    
         483   5.680493       32.26800    
         484   4.560506       20.79822    
         485   5.627056       31.66375    
         486   4.123119       17.00012    
         487   3.300432       10.89285    
         488   5.039871       25.40030    
         489   4.081782       16.66095    
         490   2.934652       8.612182    
         491   5.934839       35.22231    
         492   4.933314       24.33759    
         493   3.678057       13.52810    
         494   4.158381       17.29213    
         495   1.944398       3.780685    
         496   4.985295       24.85317    
         497   2.712332       7.356747    
         498   1.807587       3.267371    
         499   3.044162       9.266921    
         500   3.701857       13.70375    
         501   4.935507       24.35923    
         502   4.060600       16.48847    
         503   5.636394       31.76894    
         504   5.363358       28.76561    
         505   2.177772       4.742691    
         506   4.062369       16.50284    
         507   5.370728       28.84472    
         508   4.134017       17.09010    
         509   3.594515       12.92054    
         510   2.103730       4.425679    
         511   5.205226       27.09439    
         512   1.589432       2.526294    
         513   5.709889       32.60284    
         514   4.623461       21.37639    
         515   4.168798       17.37888    
         516   3.708925       13.75613    
         517   4.443776       19.74714    
         518   2.447176       5.988670    
         519   4.825279       23.28332    
         520   2.791309       7.791404    
         521   2.300909       5.294183    
         522   3.752595       14.08197    
         523   5.644095       31.85581    
         524   5.819488       33.86644    
         525   5.313024       28.22822    
         526   4.990524       24.90533    
         527   4.151264       17.23299    
         528   3.626065       13.14835    
         529   4.054677       16.44040    
         530   2.504099       6.270510    
         531   4.538956       20.60212    
         532   5.692919       32.40933    
         533   4.045964       16.36982    
         534   4.978766       24.78812    
         535   4.309383       18.57079    
         536   3.121202       9.741900    
         537   4.392581       19.29477    
         538   1.876414       3.520928    
         539   2.994319       8.965945    
         540   6.571733       43.18768    
         541   4.207580       17.70373    
         542   5.288666       27.96999    
         543   6.099113       37.19917    
         544   6.360776       40.45948    
         545   3.330460       11.09196    
         546   3.534888       12.49543    
         547   3.796747       14.41529    
         548   5.989625       35.87561    
         549   3.685433       13.58242    
         550   4.602083       21.17916    
         551   2.786881       7.766705    
         552   4.860816       23.62754    
         553   6.293233       39.60479    
         554   4.871338       23.72994    
         555   3.009641       9.057939    
         556   4.305691       18.53898    
         557   3.581354       12.82610    
         558   3.089895       9.547451    
         559   3.007087       9.042573    
         560   5.100551       26.01562    
         561   4.939632       24.39997    
         562   1.924731       3.704592    
         563   3.542648       12.55035    
         564   3.943773       15.55335    
         565   3.967886       15.74412    
         566   4.179975       17.47219    
         567   2.975940       8.856221    
         568   3.994075       15.95263    
         569   3.793057       14.38728    
         570   2.874940       8.265282    
         571   4.103471       16.83847    
         572   4.011079       16.08876    
         573   4.451075       19.81207    
         574   3.045951       9.277816    
         575   2.594394       6.730883    
         576   4.512020       20.35833    
         577   4.020710       16.16611    
         578   6.232320       38.84181    
         579   3.910610       15.29287    
         580   5.768135       33.27139    
         581   4.722655       22.30347    
         582   4.994411       24.94414    
         583   4.872283       23.73914    
         584   2.879459       8.291282    
         585   3.237564       10.48182    
         586   3.932357       15.46343    
         587   3.417940       11.68231    
         588   4.306998       18.55023    
         589   4.567274       20.85999    
         590   3.675540       13.50959    
         591   4.192316       17.57551    
         592   3.971898       15.77598    
         593   3.850993       14.83015    
         594   4.349000       18.91380    
         595   4.552132       20.72190    
         596   3.253375       10.58445    
         597   4.976289       24.76345    
         598   3.615749       13.07364    
         599   3.326453       11.06529    
         600   1.639322       2.687377    
         601   6.026181       36.31486    
         602   5.060129       25.60490    
         603   6.111699       37.35287    
         604   4.626162       21.40138    
         605   3.780208       14.28997    
         606   3.917755       15.34880    
         607   1.727723       2.985025    
         608   4.157084       17.28135    
         609   5.439921       29.59274    
         610   4.110020       16.89227    
         611   2.510805       6.304141    
         612   4.256177       18.11504    
         613   4.092318       16.74706    
         614   3.948278       15.58890    
         615   6.204448       38.49518    
         616   3.679053       13.53543    
         617   4.371454       19.10961    
         618   3.659806       13.39418    
         619   3.613155       13.05489    
         620   5.011537       25.11550    
         621   3.301153       10.89761    
         622   3.574751       12.77885    
         623   3.446283       11.87687    
         624   3.205987       10.27835    
         625   5.373526       28.87478    
         626   4.365854       19.06068    
         627   4.516352       20.39744    
         628   5.520140       30.47194    
         629   6.551537       42.92263    
         630   3.671826       13.48230    
         631   4.456265       19.85830    
         632   5.322393       28.32787    
         633   2.702499       7.303499    
         634   4.837787       23.40419    
         635   3.699778       13.68836    
         636   4.701940       22.10824    
         637   4.869618       23.71318    
         638   5.107090       26.08237    
         639   5.756062       33.13225    
         640   4.825111       23.28170    
         641   4.301660       18.50428    
         642   2.133321       4.551057    
         643   3.852978       14.84544    
         644   4.113194       16.91837    
         645   4.207398       17.70220    
         646   1.321658       1.746779    
         647   4.635516       21.48801    
         648   6.056315       36.67896    
         649   4.490707       20.16645    
         650   6.342737       40.23031    
         651   4.676688       21.87141    
         652   3.820940       14.59959    
         653   3.881243       15.06405    
         654   3.944079       15.55575    
         655   4.035653       16.28650    
         656   6.489463       42.11313    
         657   5.086952       25.87708    
         658   1.978136       3.913021    
         659   4.462172       19.91098    
         660   5.458323       29.79330    
         661   5.742460       32.97585    
         662   5.413785       29.30907    
         663   2.693491       7.254895    
         664   3.166092       10.02414    
         665   5.002053       25.02053    
         666   4.597159       21.13387    
         667   3.365548       11.32691    
         668   5.332947       28.44033    
         669   5.248497       27.54672    
         670   2.805151       7.868874    
         671   5.685549       32.32547    
         672   4.052134       16.41979    
         673   3.046694       9.282345    
         674   5.370009       28.83700    
         675   4.677259       21.87675    
         676   3.223943       10.39381    
         677   4.620980       21.35346    
         678   5.469132       29.91141    
         679   5.685587       32.32590    
         680   5.541005       30.70273    
         681   2.560847       6.557936    
         682   5.692868       32.40874    
         683   2.469041       6.096161    
         684   5.283114       27.91130    
         685   3.974225       15.79447    
         686   4.467602       19.95947    
         687   7.255391       52.64069    
         688   3.134807       9.827017    
         689   3.579851       12.81533    
         690   2.355845       5.550005    
         691   2.591234       6.714496    
         692   4.634998       21.48321    
         693   3.348811       11.21453    
         694   3.242155       10.51157    
         695   6.687072       44.71693    
         696   3.285502       10.79452    
         697   5.005948       25.05951    
         698   3.404036       11.58746    
         699   5.981823       35.78222    
         700   5.731792       32.85344    
         701   5.898488       34.79215    
         702   3.056932       9.344833    
         703   4.513790       20.37430    
         704   5.178578       26.81767    
         705   4.331680       18.76346    
         706   2.938893       8.637094    
         707   3.471368       12.05039    
         708   3.515652       12.35981    
         709   3.225362       10.40296    
         710   4.493483       20.19139    
         711   2.903912       8.432704    
         712   4.370387       19.10028    
         713   4.615967       21.30715    
         714   2.847384       8.107597    
         715   5.227610       27.32791    
         716   3.433277       11.78739    
         717   4.305301       18.53562    
         718   3.868058       14.96187    
         719   6.032997       36.39705    
         720   3.581139       12.82456    
         721   4.519470       20.42561    
         722   4.953414       24.53631    
         723   3.761141       14.14618    
         724   3.214492       10.33296    
         725   4.511486       20.35350    
         726   3.409862       11.62716    
         727   2.993172       8.959078    
         728   2.044237       4.178906    
         729   4.050866       16.40951    
         730   3.074449       9.452234    
         731   5.611364       31.48741    
         732   5.357202       28.69961    
         733   5.184328       26.87725    
         734   2.452060       6.012597    
         735   4.783555       22.88240    
         736   3.566320       12.71864    
         737   3.307387       10.93881    
         738   5.290163       27.98583    
         739   4.492324       20.18098    
         740   5.458391       29.79404    
         741   2.490546       6.202819    
         742   4.306179       18.54317    
         743   5.187857       26.91386    
         744   3.346989       11.20234    
         745   2.778298       7.718939    
         746   3.871830       14.99107    
         747   4.351530       18.93582    
         748   7.341769       53.90157    
         749   6.975725       48.66074    
         750   5.235412       27.40954    
         751   2.519768       6.349230    
         752   3.993574       15.94863    
         753   2.781783       7.738315    
         754   5.293009       28.01595    
         755   3.547442       12.58435    
         756   3.358085       11.27674    
         757   4.155682       17.26969    
         758   4.093663       16.75808    
         759   2.843393       8.084886    
         760   4.445793       19.76507    
         761   5.791353       33.53977    
         762   5.571927       31.04637    
         763   5.401360       29.17468    
         764   4.397271       19.33599    
         765   3.952502       15.62227    
         766   5.770321       33.29661    
         767   4.440725       19.72004    
         768   3.495964       12.22176    
         769   3.633200       13.20014    
         770   6.092902       37.12346    
         771   4.186344       17.52547    
         772   5.266852       27.73974    
         773   5.536139       30.64883    
         774   5.670673       32.15653    
         775   3.806657       14.49063    
         776   6.089353       37.08022    
         777   2.978811       8.873315    
         778   2.529836       6.400070    
         779   5.343657       28.55468    
         780   4.364885       19.05222    
         781   3.818349       14.57979    
         782   6.162564       37.97719    
         783   3.345085       11.18959    
         784   4.826569       23.29577    
         785   3.327164       11.07002    
         786   4.812831       23.16334    
         787   5.606514       31.43300    
         788   3.899531       15.20635    
         789   4.567196       20.85928    
         790   3.281017       10.76507    
         791   3.885158       15.09445    
         792   3.360729       11.29450    
         793   4.759842       22.65610    
         794   5.018478       25.18513    
         795   4.809405       23.13038    
         796   3.478072       12.09699    
         797   2.704916       7.316569    
         798   3.901144       15.21892    
         799   3.543513       12.55649    
         800   2.805832       7.872694    
         801   2.713798       7.364700    
         802   3.790477       14.36771    
         803   4.842950       23.45417    
         804   5.170122       26.73016    
         805   2.811738       7.905867    
         806   3.280844       10.76394    
         807   5.307066       28.16495    
         808   3.199697       10.23806    
         809   3.968696       15.75055    
         810   5.305625       28.14966    
         811   3.803695       14.46810    
         812   5.319452       28.29657    
         813   3.261791       10.63928    
         814   2.889789       8.350879    
         815   6.131645       37.59706    
         816   4.630132       21.43812    
         817   3.540188       12.53293    
         818   4.528305       20.50555    
         819   3.794089       14.39511    
         820   6.771470       45.85281    
         821   3.816967       14.56924    
         822   3.724501       13.87190    
         823   4.728306       22.35688    
         824   4.029152       16.23407    
         825   2.157849       4.656311    
         826   3.865617       14.94300    
         827   3.987505       15.90019    
         828   3.869763       14.97506    
         829   2.754729       7.588529    
         830   4.225827       17.85761    
         831   3.683072       13.56502    
         832   2.856010       8.156792    
         833   3.892233       15.14948    
         834   3.599849       12.95891    
         835   3.083933       9.510645    
         836   4.413302       19.47724    
         837   4.010947       16.08769    
         838   5.725240       32.77837    
         839   4.441853       19.73006    
         840   5.398616       29.14505    
         841   6.482393       42.02142    
         842   3.433044       11.78579    
         843   3.763899       14.16693    
         844   5.419097       29.36661    
         845   5.660093       32.03665    
         846   6.798299       46.21687    
         847   3.841367       14.75610    
         848   3.812705       14.53672    
         849   3.697116       13.66867    
         850   3.232858       10.45137    
         851   2.143135       4.593029    
         852   3.830463       14.67245    
         853   1.530700       2.343043    
         854   3.049686       9.300583    
         855   6.099638       37.20558    
         856   4.761090       22.66798    
         857   5.152815       26.55150    
         858   4.331133       18.75872    
         859   3.774864       14.24960    
         860   3.221563       10.37847    
         861   4.368131       19.08057    
         862   4.547298       20.67792    
         863   4.125724       17.02160    
         864   2.980411       8.882849    
         865   3.670763       13.47450    
         866   3.540386       12.53433    
         867   4.659249       21.70860    
         868   4.588666       21.05586    
         869   4.001240       16.00992    
         870   4.687263       21.97044    
         871   4.722648       22.30340    
         872   1.895228       3.591888    
         873   2.541671       6.460093    
         874   3.363099       11.31044    
         875   5.875265       34.51873    
         876   4.765255       22.70765    
         877   3.140378       9.861971    
         878   2.086192       4.352198    
         879   3.553988       12.63083    
         880   4.607635       21.23031    
         881   4.585368       21.02560    
         882   2.695154       7.263854    
         883   2.567682       6.592991    
         884   4.050012       16.40260    
         885   2.785590       7.759513    
         886   3.513632       12.34561    
         887   5.881248       34.58907    
         888   4.758466       22.64300    
         889   3.993495       15.94801    
         890   6.606325       43.64354    
         891   6.293859       39.61267    
         892   1.729652       2.991695    
         893   3.095862       9.584360    
         894   2.399860       5.759330    
         895   3.374932       11.39016    
         896   4.064679       16.52162    
         897   5.023477       25.23532    
         898   4.689885       21.99502    
         899   4.419906       19.53557    
         900   5.195207       26.99017    
         901   4.142561       17.16082    
         902   5.449191       29.69369    
         903   4.709793       22.18215    
         904   6.748299       45.53954    
         905   2.827734       7.996077    
         906   3.591222       12.89688    
         907   5.917040       35.01136    
         908   4.243366       18.00616    
         909   4.628732       21.42516    
         910   5.323988       28.34485    
         911   4.835876       23.38570    
         912   5.570799       31.03380    
         913   4.526376       20.48808    
         914   4.536753       20.58212    
         915   4.802058       23.05977    
         916   4.892165       23.93328    
         917   4.499831       20.24848    
         918   3.684497       13.57552    
         919   6.432971       41.38312    
         920   3.801155       14.44878    
         921   4.857052       23.59095    
         922   3.207375       10.28726    
         923   4.818732       23.22017    
         924   2.490319       6.201689    
         925   4.031606       16.25385    
         926   2.425747       5.884248    
         927   3.748896       14.05422    
         928   4.351764       18.93785    
         929   4.508410       20.32577    
         930   4.092622       16.74956    
         931   3.733191       13.93672    
         932   2.215664       4.909169    
         933   3.629498       13.17326    
         934   4.239978       17.97742    
         935   4.286497       18.37406    
         936   3.936015       15.49221    
         937   2.540775       6.455536    
         938   5.229955       27.35243    
         939   3.668808       13.46015    
         940   7.384519       54.53113    
         941   4.992129       24.92136    
         942   2.661626       7.084251    
         943   4.882789       23.84162    
         944   5.116727       26.18090    
         945   6.403939       41.01044    
         946   4.770163       22.75445    
         947   5.886903       34.65563    
         948   5.046559       25.46776    
         949   6.782113       45.99706    
         950   3.944984       15.56290    
         951   3.802531       14.45924    
         952   2.303182       5.304648    
         953   4.974657       24.74721    
         954   5.898992       34.79810    
         955   3.551317       12.61186    
         956   4.453374       19.83254    
         957   4.563570       20.82617    
         958   5.315266       28.25205    
         959   6.395894       40.90746    
         960   4.828558       23.31497    
         961   5.770093       33.29398    
         962   5.062759       25.63153    
         963   4.019129       16.15340    
         964   4.662229       21.73638    
         965   5.568919       31.01286    
         966   3.359516       11.28635    
         967   6.636028       44.03687    
         968   3.330501       11.09224    
         969   3.488317       12.16835    
         970   3.172192       10.06280    
         971   3.118185       9.723075    
         972   4.199691       17.63740    
         973   3.032694       9.197233    
         974   4.187135       17.53210    
         975   5.357258       28.70021    
         976   3.215514       10.33953    
         977   3.675900       13.51224    
         978   3.519533       12.38711    
         979   4.812284       23.15808    
         980   4.582012       20.99483    
         981   5.071793       25.72309    
         982   3.899259       15.20422    
         983   4.694883       22.04193    
         984   3.576822       12.79366    
         985   4.696945       22.06129    
         986   4.292491       18.42548    
         987   4.015647       16.12542    
         988   3.587015       12.86668    
         989   4.620238       21.34660    
         990   4.868407       23.70139    
         991   3.046997       9.284193    
         992   3.933547       15.47279    
         993   3.630901       13.18344    
         994   6.108924       37.31896    
         995   3.777023       14.26590    
         996   6.530409       42.64625    
         997   6.077222       36.93263    
         998   4.571103       20.89498    
         999   4.122449       16.99459    
        1000   5.037376       25.37516    
        1001   5.001595       25.01595    
        1002   4.680482       21.90692    
        1003   3.446195       11.87626    
        1004   3.755408       14.10309    
        1005   5.763113       33.21347    
        1006   2.156852       4.652009    
        1007   3.623123       13.12702    
        1008   5.407594       29.24207    
        1009   3.957539       15.66211    
        1010   4.947189       24.47468    
        1011   4.008601       16.06888    
        1012   5.437513       29.56655    
        1013   4.546831       20.67367    
        1014   3.019386       9.116691    
        1015   2.700183       7.290989    
        1016   3.293870       10.84958    
        1017   4.059551       16.47996    
        1018   3.433234       11.78710    
        1019   4.424767       19.57857    
        1020   5.982821       35.79415    
        1021   3.858303       14.88650    
        1022   4.296099       18.45647    
        1023   4.173877       17.42125    
        1024   4.563090       20.82179    
        1025   5.124784       26.26341    
        1026   4.368999       19.08815    
        1027   3.630198       13.17833    
        1028   5.672674       32.17923    
        1029   3.799021       14.43256    
        1030   4.843134       23.45595    
        1031   4.051088       16.41131    
        1032   5.497298       30.22028    
        1033   4.325284       18.70808    
        1034   4.151247       17.23285    
        1035   4.521167       20.44095    
        1036   5.430002       29.48492    
        1037   3.347109       11.20314    
        1038   5.837067       34.07135    
        1039   2.933962       8.608134    
        1040   3.587888       12.87294    
        1041   4.054363       16.43786    
        1042   3.470109       12.04166    
        1043   3.246087       10.53708    
        1044   4.743491       22.50071    
        1045   5.660158       32.03738    
        1046   4.862841       23.64722    
        1047   2.484327       6.171880    
        1048   4.916275       24.16976    
        1049   5.354847       28.67439    
        1050   4.209450       17.71947    
        1051   4.392189       19.29132    
        1052   2.750275       7.564013    
        1053   3.858054       14.88458    
        1054   2.750423       7.564825    
        1055   4.915005       24.15728    
        1056   6.221028       38.70120    
        1057   4.346313       18.89044    
        1058   4.376200       19.15113    
        1059   4.354685       18.96328    
        1060   3.128221       9.785767    
        1061   2.833012       8.025954    
        1062   3.613476       13.05721    
        1063   4.219419       17.80349    
        1064   4.739076       22.45884    
        1065   4.918705       24.19366    
        1066   5.252019       27.58370    
        1067   5.988374       35.86063    
        1068   3.625854       13.14682    
        1069   7.016582       49.23242    
        1070   5.056407       25.56726    
        1071   6.373166       40.61724    
        1072   4.928193       24.28709    
        1073   3.642722       13.26943    
        1074   6.160711       37.95436    
        1075   3.155005       9.954057    
        1076   2.050816       4.205846    
        1077   4.431515       19.63832    
        1078   4.580105       20.97736    
        1079   5.339256       28.50766    
        1080   4.366490       19.06624    
        1081   3.039018       9.235633    
        1082   5.974008       35.68877    
        1083   4.349907       18.92169    
        1084   4.617668       21.32286    
        1085   2.405595       5.786887    
        1086   4.658442       21.70109    
        1087   5.632815       31.72861    
        1088   4.400674       19.36593    
        1089   2.355968       5.550583    
        1090   4.769989       22.75279    
        1091   4.840859       23.43392    
        1092   5.197582       27.01486    
        1093   4.895045       23.96146    
        1094   4.386424       19.24072    
        1095   4.194105       17.59052    
        1096   2.407150       5.794373    
        1097   3.999714       15.99772    
        1098   5.177170       26.80308    
        1099   4.260796       18.15438    
        1100   6.088481       37.06961    
        1101   6.730430       45.29868    
        1102   4.667685       21.78728    
        1103   4.859970       23.61930    
        1104   3.625714       13.14580    
        1105   4.313750       18.60844    
        1106   2.756352       7.597476    
        1107   3.944563       15.55958    
        1108   3.904530       15.24535    
        1109   2.675665       7.159185    
        1110   3.762932       14.15966    
        1111   1.134159       1.286316    
        1112   3.907856       15.27134    
        1113   2.600790       6.764107    
        1114   4.137475       17.11869    
        1115   5.238110       27.43779    
        1116   5.324448       28.34975    
        1117   6.651680       44.24485    
        1118   3.645346       13.28855    
        1119   5.201828       27.05901    
        1120   5.001256       25.01256    
        1121   5.721702       32.73787    
        1122   2.873029       8.254294    
        1123   5.346043       28.58018    
        1124   3.005507       9.033074    
        1125   4.353770       18.95532    
        1126   3.357403       11.27215    
        1127   3.213415       10.32604    
        1128   2.989945       8.939770    
        1129   5.378201       28.92505    
        1130   5.553686       30.84343    
        1131   3.464565       12.00321    
        1132   4.669886       21.80783    
        1133   4.408742       19.43701    
        1134   3.063197       9.383177    
        1135   3.572853       12.76528    
        1136   3.019709       9.118640    
        1137   4.805973       23.09737    
        1138   2.027536       4.110900    
        1139   2.641701       6.978583    
        1140   4.033249       16.26710    
        1141   3.652889       13.34360    
        1142   5.964273       35.57256    
        1143   3.612216       13.04810    
        1144   1.937854       3.755278    
        1145   2.571171       6.610921    
        1146   5.914142       34.97708    
        1147   4.972161       24.72238    
        1148   3.915544       15.33148    
        1149   6.126751       37.53708    
        1150   3.791759       14.37744    
        1151   2.905531       8.442113    
        1152   6.199718       38.43650    
        1153   7.865011       61.85841    
        1154   3.144379       9.887122    
        1155   2.961602       8.771089    
        1156   2.844625       8.091891    
        1157   5.883309       34.61333    
        1158   5.517844       30.44660    
        1159   5.061931       25.62314    
        1160   5.008110       25.08116    
        1161   2.459237       6.047845    
        1162   4.343388       18.86502    
        1163   3.624255       13.13523    
        1164   4.397272       19.33600    
        1165   5.271274       27.78633    
        1166   5.127788       26.29420    
        1167   4.724970       22.32535    
        1168   4.219667       17.80559    
        1169   6.630075       43.95789    
        1170   5.325160       28.35733    
        1171   5.971421       35.65788    
        1172   4.839227       23.41811    
        1173   4.751767       22.57928    
        1174   5.723472       32.75813    
        1175   6.142721       37.73303    
        1176   5.796937       33.60448    
        1177   4.327613       18.72824    
        1178   5.039921       25.40081    
        1179   5.221404       27.26305    
        1180   2.658658       7.068461    
        1181   4.674891       21.85461    
        1182   4.173721       17.41995    
        1183   4.314298       18.61317    
        1184   3.848323       14.80959    
        1185   1.353407       1.831711    
        1186   4.907613       24.08467    
        1187   3.893936       15.16273    
        1188   4.463268       19.92076    
        1189   4.209343       17.71857    
        1190   4.250499       18.06674    
        1191   5.354871       28.67465    
        1192   1.600133       2.560425    
        1193   5.674171       32.19622    
        1194   4.552440       20.72471    
        1195   3.139458       9.856196    
        1196   4.925874       24.26424    
        1197   7.275408       52.93157    
        1198   1.823170       3.323951    
        1199   4.721689       22.29435    
        1200   4.498340       20.23506    
        1201   4.794599       22.98818    
        1202   5.684700       32.31582    
        1203   2.479358       6.147218    
        1204   5.302203       28.11336    
        1205   5.052403       25.52678    
        1206   2.433600       5.922411    
        1207   7.032963       49.46257    
        1208   3.015161       9.091197    
        1209   5.477108       29.99871    
        1210   5.718554       32.70187    
        1211   4.425926       19.58882    
        1212   4.018723       16.15014    
        1213   3.999898       15.99919    
        1214   4.230432       17.89655    
        1215   3.014211       9.085470    
        1216   5.020592       25.20634    
        1217   4.694902       22.04211    
        1218   5.086061       25.86802    
        1219   3.241248       10.50569    
        1220   5.228362       27.33577    
        1221   4.699053       22.08110    
        1222   2.748607       7.554839    
        1223   2.732283       7.465368    
        1224   4.640669       21.53581    
        1225   4.162174       17.32369    
        1226   3.391214       11.50033    
        1227   3.403603       11.58451    
        1228   4.747804       22.54165    
        1229   2.724017       7.420266    
        1230   3.780605       14.29297    
        1231   4.915447       24.16162    
        1232   3.803290       14.46502    
        1233   2.155627       4.646728    
        1234   5.283287       27.91312    
        1235   5.029329       25.29416    
        1236   4.211370       17.73564    
        1237   3.983716       15.86999    
        1238   5.927631       35.13681    
        1239   3.736629       13.96240    
        1240   4.586495       21.03594    
        1241   4.382550       19.20675    
        1242   3.677272       13.52233    
        1243   3.181487       10.12186    
        1244   3.639779       13.24799    
        1245   4.536350       20.57847    
        1246   6.197259       38.40602    
        1247   4.836674       23.39342    
        1248   5.762076       33.20152    
        1249   5.067133       25.67584    
        1250   3.421948       11.70973    
        1251   3.432538       11.78232    
        1252   4.802548       23.06447    
        1253   2.685433       7.211552    
        1254   4.961356       24.61506    
        1255   3.650618       13.32701    
        1256   5.154039       26.56411    
        1257   4.838809       23.41407    
        1258   3.560630       12.67808    
        1259   5.199957       27.03955    
        1260   3.354540       11.25294    
        1261   4.777308       22.82267    
        1262   5.119319       26.20743    
        1263   5.263338       27.70272    
        1264   4.542899       20.63793    
        1265   5.144741       26.46836    
        1266   3.170225       10.05033    
        1267   4.992955       24.92960    
        1268   4.719289       22.27169    
        1269   4.674197       21.84811    
        1270   5.180824       26.84094    
        1271   2.833311       8.027653    
        1272   6.045928       36.55325    
        1273   3.279114       10.75258    
        1274   4.765590       22.71085    
        1275   3.639166       13.24353    
        1276   5.415564       29.32833    
        1277   2.381251       5.670356    
        1278   3.278145       10.74623    
        1279   5.337168       28.48536    
        1280   4.152566       17.24381    
        1281   6.089263       37.07912    
        1282   3.847473       14.80305    
        1283   4.642478       21.55260    
        1284   4.892241       23.93402    
        1285   3.411990       11.64167    
        1286   5.066792       25.67238    
        1287   4.721867       22.29603    
        1288   5.254384       27.60855    
        1289   2.566501       6.586926    
        1290   2.168456       4.702202    
        1291   3.606696       13.00825    
        1292   5.545351       30.75091    
        1293   2.750670       7.566186    
        1294   3.957120       15.65880    
        1295   4.156914       17.27994    
        1296   2.528361       6.392609    
        1297   4.908787       24.09619    
        1298   4.566575       20.85361    
        1299   5.054623       25.54921    
        1300   4.424520       19.57638    
        1301   4.489010       20.15121    
        1302   4.499358       20.24422    
        1303   5.675317       32.20923    
        1304   3.559868       12.67266    
        1305   3.902883       15.23250    
        1306   6.024844       36.29874    
        1307   4.515025       20.38545    
        1308   3.542758       12.55113    
        1309   4.479488       20.06581    
        1310   4.044544       16.35833    
        1311   4.934371       24.34802    
        1312   4.962442       24.62583    
        1313   4.661705       21.73150    
        1314   6.476530       41.94544    
        1315   2.386084       5.693396    
        1316   4.154481       17.25971    
        1317   3.581974       12.83054    
        1318   3.044678       9.270066    
        1319   4.540837       20.61920    
        1320   5.369366       28.83009    
        1321   5.436371       29.55413    
        1322   4.677124       21.87549    
        1323   4.162485       17.32628    
        1324   4.284486       18.35682    
        1325   4.232754       17.91620    
        1326   3.520220       12.39195    
        1327   3.096221       9.586587    
        1328   6.433375       41.38831    
        1329   2.841440       8.073781    
        1330   4.216579       17.77954    
        1331   4.887689       23.88950    
        1332   4.894688       23.95797    
        1333   4.736310       22.43263    
        1334   2.509112       6.295643    
        1335   3.871099       14.98540    
        1336   3.293246       10.84546    
        1337   3.923838       15.39650    
        1338   4.195351       17.60097    
        1339   6.069218       36.83540    
        1340   3.709980       13.76395    
        1341   4.043808       16.35238    
        1342   3.217655       10.35330    
        1343   6.103687       37.25499    
        1344   4.558839       20.78302    
        1345   4.115154       16.93449    
        1346   4.469741       19.97859    
        1347   4.653103       21.65137    
        1348   4.430510       19.62941    
        1349   4.086154       16.69666    
        1350   4.412665       19.47162    
        1351   4.932204       24.32664    
        1352   4.017306       16.13875    
        1353   5.094100       25.94985    
        1354   4.680674       21.90870    
        1355   6.018166       36.21832    
        1356   3.834076       14.70014    
        1357   2.840981       8.071175    
        1358   5.917412       35.01577    
        1359   2.505119       6.275622    
        1360   4.526583       20.48996    
        1361   3.651338       13.33227    
        1362   4.304069       18.52501    
        1363   4.247380       18.04024    
        1364   2.593505       6.726269    
        1365   4.298385       18.47611    
        1366   5.160732       26.63316    
        1367   2.299701       5.288625    
        1368   5.780543       33.41468    
        1369   3.616122       13.07634    
        1370   5.726393       32.79158    
        1371   4.708770       22.17251    
        1372   3.508273       12.30798    
        1373   3.915934       15.33454    
        1374   5.518867       30.45789    
        1375   5.675081       32.20654    
        1376   2.592188       6.719438    
        1377   3.415921       11.66852    
        1378   6.523455       42.55546    
        1379   5.345581       28.57523    
        1380   5.217016       27.21726    
        1381   5.338822       28.50302    
        1382   5.173705       26.76722    
        1383   4.501226       20.26104    
        1384   2.667825       7.117289    
        1385   3.560440       12.67673    
        1386   2.734976       7.480094    
        1387   6.168358       38.04864    
        1388   4.001952       16.01562    
        1389   2.653721       7.042234    
        1390   4.799901       23.03906    
        1391   4.212579       17.74582    
        1392   5.798852       33.62669    
        1393   3.070034       9.425111    
        1394   2.360219       5.570632    
        1395   3.786229       14.33553    
        1396   2.659128       7.070962    
        1397   1.450529       2.104035    
        1398   4.372183       19.11598    
        1399   6.185306       38.25801    
        1400   6.206280       38.51791    
        1401   6.004297       36.05159    
        1402   4.523691       20.46378    
        1403   5.499650       30.24614    
        1404   3.446102       11.87562    
        1405   3.816873       14.56852    
        1406   3.134314       9.823926    
        1407   6.179209       38.18262    
        1408   3.088343       9.537861    
        1409   2.846752       8.103994    
        1410   3.911203       15.29751    
        1411   4.090783       16.73450    
        1412   3.312291       10.97127    
        1413   7.228062       52.24488    
        1414   3.521926       12.40396    
        1415   3.887394       15.11183    
        1416   4.793706       22.97962    
        1417   4.105651       16.85637    
        1418   3.474778       12.07408    
        1419   6.251668       39.08335    
        1420   4.422790       19.56107    
        1421   3.694357       13.64827    
        1422   5.039623       25.39780    
        1423   3.936109       15.49295    
        1424   3.846518       14.79570    
        1425   4.689956       21.99569    
        1426   4.355139       18.96724    
        1427   3.809690       14.51374    
        1428   4.100425       16.81348    
        1429   3.576347       12.79026    
        1430   2.771989       7.683922    
        1431   5.113375       26.14660    
        1432   4.022962       16.18423    
        1433   5.407621       29.24236    
        1434   5.586915       31.21361    
        1435   4.666462       21.77587    
        1436   6.160180       37.94781    
        1437   5.741926       32.96971    
        1438   3.201000       10.24640    
        1439   4.201827       17.65534    
        1440   6.388277       40.81008    
        1441   3.784386       14.32158    
        1442   5.134460       26.36268    
        1443   4.779169       22.84045    
        1444   3.543465       12.55615    
        1445   5.638937       31.79761    
        1446   4.858871       23.60862    
        1447   5.255133       27.61642    
        1448   2.697664       7.277392    
        1449   2.890151       8.352972    
        1450   5.647759       31.89718    
        1451   3.689698       13.61387    
        1452   5.420598       29.38288    
        1453   4.793271       22.97545    
        1454   5.803260       33.67783    
        1455   6.412168       41.11589    
        1456   2.317900       5.372661    
        1457   3.611641       13.04395    
        1458   6.179513       38.18637    
        1459   4.702921       22.11747    
        1460   4.807053       23.10775    
        1461   5.420595       29.38284    
        1462   3.327451       11.07193    
        1463   4.365882       19.06093    
        1464   5.381011       28.95528    
        1465   2.556590       6.536155    
        1466   6.759153       45.68615    
        1467   2.949532       8.699739    
        1468   2.894666       8.379093    
        1469   2.548381       6.494246    
        1470   4.388433       19.25835    
        1471   3.494408       12.21089    
        1472   3.112928       9.690320    
        1473   4.749223       22.55512    
        1474   6.103133       37.24824    
        1475   4.441754       19.72918    
        1476   5.200225       27.04234    
        1477   4.547242       20.67741    
        1478   3.177148       10.09427    
        1479   3.294436       10.85331    
        1480   5.065920       25.66354    
        1481   5.313437       28.23261    
        1482   4.500628       20.25566    
        1483   4.560872       20.80155    
        1484   5.508502       30.34360    
        1485   2.145650       4.603816    
        1486   5.330768       28.41708    
        1487   3.348173       11.21026    
        1488   4.434289       19.66291    
        1489   6.033608       36.40443    
        1490   2.170754       4.712174    
        1491   4.319339       18.65669    
        1492   3.133707       9.820117    
        1493   6.015289       36.18369    
        1494   5.237094       27.42715    
        1495   4.311090       18.58550    
        1496   4.990201       24.90211    
        1497   6.259130       39.17670    
        1498   2.183841       4.769160    
        1499   2.382004       5.673944    
        1500   4.061412       16.49507    
