           1   6.264585       39.24502    
           2   3.806758       14.49141    
           3   4.403038       19.38675    
           4   5.218441       27.23213    
           5   4.000494       16.00395    
           6   5.186705       26.90191    
           7   5.618411       31.56654    
           8   4.090177       16.72954    
           9   4.082287       16.66507    
          10   2.124540       4.513670    
          11   2.378665       5.658048    
          12   1.759713       3.096590    
          13   4.881784       23.83182    
          14   2.552327       6.514374    
          15   3.525777       12.43111    
          16   3.802359       14.45793    
          17   6.284400       39.49368    
          18   4.412497       19.47013    
          19   6.827254       46.61140    
          20   5.129964       26.31653    
          21   5.063573       25.63977    
          22   4.439485       19.70902    
          23   3.838618       14.73499    
          24   3.520639       12.39490    
          25   2.572681       6.618687    
          26   4.111584       16.90513    
          27   6.777111       45.92923    
          28   4.874572       23.76145    
          29   4.680093       21.90327    
          30   5.097624       25.98577    
          31   6.415781       41.16224    
          32   5.106780       26.07920    
          33   4.445870       19.76576    
          34   3.789005       14.35656    
          35   4.277780       18.29940    
          36   4.071913       16.58048    
          37   4.431951       19.64219    
          38   6.147110       37.78696    
          39   5.579737       31.13346    
          40   2.614169       6.833881    
          41   4.242474       17.99858    
          42   5.717216       32.68656    
          43   3.713397       13.78932    
          44   6.466351       41.81369    
          45   3.955288       15.64431    
          46   3.325290       11.05756    
          47   2.155286       4.645258    
          48   7.031961       49.44848    
          49   3.763679       14.16528    
          50   3.485379       12.14787    
          51   3.951292       15.61271    
          52   4.927061       24.27593    
          53   6.102248       37.23743    
          54   5.122984       26.24497    
          55   4.694733       22.04052    
          56   4.491597       20.17444    
          57   4.532402       20.54267    
          58   3.760852       14.14401    
          59   3.113526       9.694046    
          60   5.940519       35.28976    
          61   3.782482       14.30717    
          62   3.799192       14.43386    
          63   3.497469       12.23229    
          64   4.111341       16.90313    
          65   3.350064       11.22293    
          66   3.530072       12.46141    
          67   5.168806       26.71656    
          68   4.674035       21.84660    
          69   3.838822       14.73655    
          70   6.060273       36.72691    
          71   3.944319       15.55765    
          72   3.984848       15.87901    
          73   4.819012       23.22288    
          74   4.853383       23.55532    
          75   4.044461       16.35767    
          76   5.465175       29.86814    
          77   6.510052       42.38078    
          78   3.104725       9.639318    
          79   4.573338       20.91542    
          80   4.934385       24.34815    
          81   4.494130       20.19720    
          82   3.884018       15.08559    
          83   4.522501       20.45302    
          84   2.968629       8.812761    
          85   2.613272       6.829193    
          86   2.169862       4.708299    
          87   5.152481       26.54806    
          88   4.383034       19.21098    
          89   5.577631       31.10997    
          90   4.304222       18.52633    
          91   4.209745       17.72196    
          92   3.591467       12.89864    
          93   4.600937       21.16862    
          94   4.367127       19.07180    
          95   4.935598       24.36013    
          96   2.621175       6.870560    
          97   3.046923       9.283742    
          98   3.521360       12.39998    
          99   4.182341       17.49197    
         100   2.696311       7.270092    
         101   5.831431       34.00559    
         102   3.981767       15.85447    
         103   4.395065       19.31660    
         104   4.216907       17.78230    
         105   3.219031       10.36216    
         106   3.807234       14.49503    
         107   5.639946       31.80899    
         108   3.643800       13.27728    
         109   2.745856       7.539727    
         110   5.143798       26.45866    
         111   5.680030       32.26274    
         112   1.965901       3.864768    
         113   4.575950       20.93932    
         114   4.292673       18.42704    
         115   4.067279       16.54276    
         116   3.185362       10.14653    
         117   4.273997       18.26705    
         118   3.098066       9.598016    
         119   4.422557       19.55901    
         120   4.067965       16.54834    
         121   3.724899       13.87487    
         122   5.873682       34.50014    
         123   4.050763       16.40868    
         124   6.875222       47.26868    
         125   5.208651       27.13004    
         126   7.450418       55.50872    
         127   5.495049       30.19555    
         128   5.428543       29.46908    
         129   5.509560       30.35525    
         130   5.689302       32.36816    
         131   4.788458       22.92933    
         132   5.884671       34.62936    
         133   2.361617       5.577233    
         134   5.222901       27.27870    
         135   5.059789       25.60147    
         136   4.117963       16.95762    
         137   5.899683       34.80626    
         138   3.174875       10.07983    
         139   5.445468       29.65313    
         140   3.545283       12.56903    
         141   3.391286       11.50082    
         142   2.802677       7.854998    
         143   4.510776       20.34710    
         144   3.949199       15.59618    
         145   5.451063       29.71409    
         146   3.946053       15.57134    
         147   5.509729       30.35712    
         148   4.508311       20.32487    
         149   1.622906       2.633824    
         150   6.982914       48.76110    
         151   4.969008       24.69105    
         152   3.949354       15.59740    
         153   4.062560       16.50439    
         154   3.904271       15.24333    
         155   2.627786       6.905261    
         156   5.980409       35.76530    
         157   4.078784       16.63647    
         158   6.143124       37.73797    
         159   5.340997       28.52625    
         160   5.649733       31.91948    
         161   4.507719       20.31953    
         162   4.570518       20.88964    
         163   4.826368       23.29383    
         164   4.846877       23.49221    
         165   6.145760       37.77037    
         166   4.813327       23.16812    
         167   4.886124       23.87421    
         168   4.303772       18.52245    
         169   4.220825       17.81537    
         170   6.121237       37.46954    
         171   5.467891       29.89783    
         172   5.352669       28.65107    
         173   1.830137       3.349402    
         174   3.634830       13.21199    
         175   2.450544       6.005165    
         176   5.011090       25.11103    
         177   4.412406       19.46933    
         178   3.138778       9.851931    
         179   4.600494       21.16455    
         180   3.596672       12.93605    
         181   4.323265       18.69062    
         182   2.566571       6.587288    
         183   4.172700       17.41142    
         184   4.264235       18.18370    
         185   6.253337       39.10423    
         186   5.903980       34.85699    
         187   3.011754       9.070663    
         188   5.281919       27.89867    
         189   3.985726       15.88601    
         190   5.333711       28.44847    
         191   3.700290       13.69214    
         192   3.852474       14.84156    
         193   5.554487       30.85232    
         194   3.313536       10.97952    
         195   5.283972       27.92035    
         196   4.039342       16.31628    
         197   3.431159       11.77286    
         198   5.307899       28.17379    
         199   4.142750       17.16238    
         200   6.223097       38.72694    
         201   4.179805       17.47077    
         202   5.022824       25.22876    
         203   3.801322       14.45005    
         204   4.191874       17.57180    
         205   4.296329       18.45844    
         206   5.366504       28.79936    
         207   4.141393       17.15114    
         208   4.998232       24.98233    
         209   2.242378       5.028257    
         210   2.895040       8.381257    
         211   4.296132       18.45675    
         212   5.317215       28.27278    
         213   4.110996       16.90029    
         214   4.604552       21.20190    
         215   3.325733       11.06050    
         216   4.048862       16.39328    
         217   5.673344       32.18684    
         218   5.260436       27.67218    
         219   3.242188       10.51178    
         220   3.331795       11.10086    
         221   4.603042       21.18800    
         222   4.696712       22.05910    
         223   5.236316       27.41901    
         224   5.191588       26.95258    
         225   1.786243       3.190662    
         226   6.111179       37.34651    
         227   5.192909       26.96630    
         228   3.910109       15.28896    
         229   4.325532       18.71023    
         230   4.009010       16.07216    
         231   5.701164       32.50327    
         232   5.834486       34.04123    
         233   5.833578       34.03063    
         234   3.951249       15.61237    
         235   2.653897       7.043168    
         236   4.979124       24.79168    
         237   3.525432       12.42867    
         238   3.641022       13.25704    
         239   2.533465       6.418445    
         240   5.836854       34.06886    
         241   4.505108       20.29600    
         242   4.180541       17.47692    
         243   3.232718       10.45047    
         244   2.228025       4.964095    
         245   5.564099       30.95920    
         246   4.207212       17.70063    
         247   4.734400       22.41455    
         248   4.597585       21.13778    
         249   4.973254       24.73325    
         250   3.488660       12.17075    
         251   4.221168       17.81825    
         252   4.295070       18.44763    
         253   3.314487       10.98583    
         254   3.654362       13.35436    
         255   3.217857       10.35461    
         256   5.615584       31.53479    
         257   5.520245       30.47311    
         258   5.342505       28.54236    
         259   3.527268       12.44162    
         260   5.947345       35.37091    
         261   3.814269       14.54865    
         262   4.017363       16.13920    
         263   4.215518       17.77059    
         264   4.735668       22.42655    
         265   4.647896       21.60294    
         266   4.606487       21.21972    
         267   2.773419       7.691855    
         268   5.375400       28.89492    
         269   4.849758       23.52015    
         270   2.108310       4.444972    
         271   5.282146       27.90107    
         272   3.522884       12.41071    
         273   3.424558       11.72760    
         274   6.196855       38.40101    
         275   4.957465       24.57645    
         276   3.082648       9.502715    
         277   4.359134       19.00205    
         278   6.210170       38.56622    
         279   4.458231       19.87583    
         280   4.420954       19.54484    
         281   2.367745       5.606218    
         282   3.679149       13.53614    
         283   6.042890       36.51652    
         284   5.734463       32.88406    
         285   4.097133       16.78650    
         286   3.027367       9.164948    
         287   5.851006       34.23428    
         288   5.413164       29.30235    
         289   4.919103       24.19757    
         290   4.253035       18.08830    
         291   5.977836       35.73452    
         292   2.637599       6.956926    
         293   5.523415       30.50811    
         294   5.951631       35.42191    
         295   3.838420       14.73347    
         296   5.273338       27.80809    
         297   4.589298       21.06166    
         298   3.990517       15.92423    
         299   6.208388       38.54409    
         300   4.459543       19.88753    
         301   2.891186       8.358957    
         302   7.974342       63.59014    
         303   4.708915       22.17388    
         304   3.565359       12.71178    
         305   3.751673       14.07505    
         306   4.552248       20.72296    
         307   3.970052       15.76131    
         308   4.052818       16.42533    
         309   4.556412       20.76089    
         310   5.429209       29.47631    
         311   2.499265       6.246324    
         312   3.614063       13.06145    
         313   2.754232       7.585792    
         314   3.563448       12.69816    
         315   4.897708       23.98755    
         316   5.254330       27.60798    
         317   3.902047       15.22597    
         318   5.505889       30.31481    
         319   7.094136       50.32677    
         320   4.987715       24.87730    
         321   3.972771       15.78291    
         322   4.593641       21.10154    
         323   5.451135       29.71487    
         324   4.517507       20.40787    
         325   3.118738       9.726529    
         326   4.361905       19.02621    
         327   3.821877       14.60674    
         328   4.868958       23.70675    
         329   2.720500       7.401117    
         330   4.085978       16.69521    
         331   5.402783       29.19007    
         332   5.422768       29.40641    
         333   3.741158       13.99626    
         334   3.891087       15.14056    
         335   5.439769       29.59109    
         336   3.283704       10.78271    
         337   5.214667       27.19275    
         338   3.817302       14.57179    
         339   5.787788       33.49850    
         340   4.133192       17.08327    
         341   5.182505       26.85836    
         342   4.212296       17.74343    
         343   4.096157       16.77850    
         344   5.206403       27.10664    
         345   5.451680       29.72081    
         346   4.490439       20.16405    
         347   2.837829       8.053276    
         348   5.526922       30.54687    
         349   4.808063       23.11746    
         350   3.137285       9.842559    
         351   3.556488       12.64860    
         352   4.651881       21.63999    
         353   2.302091       5.299623    
         354   5.016822       25.16851    
         355   6.458116       41.70726    
         356   3.873563       15.00449    
         357   4.727430       22.34860    
         358   4.336634       18.80639    
         359   4.415773       19.49905    
         360   2.467376       6.087944    
         361   4.445433       19.76187    
         362   4.954368       24.54576    
         363   4.151891       17.23820    
         364   5.675924       32.21611    
         365   5.015746       25.15771    
         366   6.084912       37.02616    
         367   3.036134       9.218113    
         368   2.838886       8.059275    
         369   3.526246       12.43441    
         370   2.853196       8.140727    
         371   3.954643       15.63920    
         372   3.399359       11.55564    
         373   4.077942       16.62961    
         374   2.499316       6.246583    
         375   4.039676       16.31898    
         376   4.913544       24.14291    
         377   5.473176       29.95566    
         378   4.866168       23.67959    
         379   3.629285       13.17171    
         380   4.717730       22.25698    
         381   4.097659       16.79081    
         382   4.043505       16.34994    
         383   4.560948       20.80225    
         384   6.359232       40.43983    
         385   5.438280       29.57489    
         386   2.572400       6.617243    
         387   5.430949       29.49520    
         388   3.278441       10.74817    
         389   5.777539       33.37996    
         390   2.714332       7.367597    
         391   5.171227       26.74158    
         392   5.236805       27.42413    
         393   1.807284       3.266274    
         394   5.109384       26.10580    
         395   3.882946       15.07727    
         396   4.233503       17.92255    
         397   2.919631       8.524246    
         398   4.422686       19.56016    
         399   5.303728       28.12953    
         400   5.664584       32.08751    
         401   2.308058       5.327132    
         402   4.096752       16.78337    
         403   4.178773       17.46214    
         404   2.643988       6.990671    
         405   3.263869       10.65284    
         406   3.791342       14.37428    
         407   3.786028       14.33401    
         408   3.596347       12.93371    
         409   2.186013       4.778650    
         410   7.188046       51.66800    
         411   4.809674       23.13296    
         412   4.232584       17.91477    
         413   2.714835       7.370328    
         414   5.698069       32.46799    
         415   2.818891       7.946145    
         416   5.699627       32.48576    
         417   4.668356       21.79355    
         418   4.632842       21.46322    
         419   3.698643       13.67996    
         420   5.295190       28.03904    
         421   3.064601       9.391781    
         422   5.052968       25.53249    
         423   5.108884       26.10070    
         424   4.230134       17.89403    
         425   3.740456       13.99101    
         426   4.283322       18.34685    
         427   3.256531       10.60499    
         428   4.977975       24.78024    
         429   2.772681       7.687763    
         430   5.449123       29.69294    
         431   2.670287       7.130434    
         432   4.744377       22.50911    
         433   6.240080       38.93860    
         434   4.983449       24.83477    
         435   2.534491       6.423643    
         436   3.850981       14.83006    
         437   2.158351       4.658480    
         438   3.736589       13.96210    
         439   5.042906       25.43090    
         440   2.440261       5.954875    
         441   6.000453       36.00543    
         442   5.205483       27.09706    
         443   3.854638       14.85823    
         444   4.879243       23.80702    
         445   4.598895       21.14983    
         446   4.011474       16.09192    
         447   4.493664       20.19302    
         448   3.605047       12.99637    
         449   3.863579       14.92724    
         450   4.447089       19.77660    
         451   5.127037       26.28651    
         452   6.067733       36.81738    
         453   4.948806       24.49068    
         454   4.689955       21.99568    
         455   2.308332       5.328397    
         456   6.506835       42.33890    
         457   3.443423       11.85717    
         458   4.405951       19.41240    
         459   5.745705       33.01312    
         460   4.617544       21.32171    
         461   4.136376       17.10961    
         462   4.062379       16.50293    
         463   3.531595       12.47217    
         464   6.031370       36.37743    
         465   5.523808       30.51246    
         466   6.513742       42.42884    
         467   4.214712       17.76380    
         468   4.929003       24.29507    
         469   2.988060       8.928502    
         470   6.017035       36.20471    
         471   5.108300       26.09473    
         472   5.870688       34.46498    
         473   3.908352       15.27521    
         474   2.685979       7.214485    
         475   5.524824       30.52368    
         476   4.158562       17.29364    
         477   3.606538       13.00711    
         478   4.370799       19.10388    
         479   3.168054       10.03657    
         480   5.424244       29.42242    
         481   4.126205       17.02557    
         482   4.695270       22.04556    
         483   6.022806       36.27420    
         484   4.069318       16.55935    
         485   4.975994       24.76051    
         486   3.739216       13.98174    
         487   5.637652       31.78313    
         488   4.489030       20.15139    
         489   4.821308       23.24502    
         490   5.948134       35.38030    
         491   5.264263       27.71246    
         492   3.944608       15.55993    
         493   4.233010       17.91837    
         494   4.076821       16.62047    
         495   5.134693       26.36507    
         496   6.678310       44.59983    
         497   4.767612       22.73012    
         498   4.011451       16.09174    
         499   3.111583       9.681950    
         500   3.448600       11.89284    
         501   4.593117       21.09672    
         502   5.181985       26.85297    
         503   3.441174       11.84168    
         504   5.470494       29.92631    
         505   6.032974       36.39678    
         506   4.985248       24.85270    
         507   4.052892       16.42594    
         508   5.708684       32.58908    
         509   5.034413       25.34532    
         510   5.873129       34.49364    
         511   3.017941       9.107970    
         512   4.434970       19.66896    
         513   4.076252       16.61583    
         514   3.075108       9.456290    
         515   4.268773       18.22242    
         516   3.722551       13.85739    
         517   4.203506       17.66946    
         518   4.016334       16.13094    
         519   4.530685       20.52711    
         520   3.828537       14.65770    
         521   2.987867       8.927350    
         522   3.440455       11.83673    
         523   3.843038       14.76894    
         524   5.712101       32.62809    
         525   3.981871       15.85530    
         526   6.178174       38.16983    
         527   6.635060       44.02402    
         528   6.262783       39.22245    
         529   4.316058       18.62835    
         530   1.567834       2.458102    
         531   4.757957       22.63815    
         532   5.375813       28.89936    
         533   3.883168       15.07900    
         534   5.707419       32.57463    
         535   4.770382       22.75655    
         536   4.619189       21.33691    
         537   5.664205       32.08322    
         538   2.859300       8.175595    
         539   4.485908       20.12337    
         540   4.229584       17.88938    
         541   4.085991       16.69533    
         542   6.200638       38.44792    
         543   5.349686       28.61914    
         544   5.803190       33.67701    
         545   3.501745       12.26221    
         546   4.370718       19.10318    
         547   5.886993       34.65669    
         548   5.001581       25.01581    
         549   3.417105       11.67661    
         550   4.645762       21.58311    
         551   4.288046       18.38734    
         552   3.965386       15.72428    
         553   3.982379       15.85934    
         554   5.552768       30.83323    
         555   4.103305       16.83712    
         556   6.163555       37.98941    
         557   5.154930       26.57330    
         558   6.945267       48.23673    
         559   3.733350       13.93790    
         560   3.433832       11.79121    
         561   3.887861       15.11547    
         562   7.234715       52.34110    
         563   4.742097       22.48748    
         564   4.056402       16.45440    
         565   3.189143       10.17063    
         566   4.690058       21.99665    
         567   3.163712       10.00907    
         568   3.016659       9.100234    
         569   4.167532       17.36832    
         570   6.722054       45.18602    
         571   3.548075       12.58884    
         572   3.338967       11.14870    
         573   2.887001       8.334774    
         574   2.351689       5.530443    
         575   3.166981       10.02977    
         576   3.586341       12.86184    
         577   3.480298       12.11247    
         578   5.620799       31.59338    
         579   3.181039       10.11901    
         580   6.016212       36.19481    
         581   4.862807       23.64689    
         582   2.677738       7.170283    
         583   3.349183       11.21703    
         584   2.401881       5.769032    
         585   3.805348       14.48068    
         586   6.060450       36.72905    
         587   4.656240       21.68057    
         588   2.335577       5.454918    
         589   4.283043       18.34446    
         590   5.503375       30.28714    
         591   3.103194       9.629813    
         592   3.771118       14.22133    
         593   3.274864       10.72474    
         594   2.105076       4.431345    
         595   3.486646       12.15670    
         596   3.229592       10.43027    
         597   4.469070       19.97259    
         598   3.959507       15.67769    
         599   6.474092       41.91388    
         600   3.851171       14.83152    
         601   3.324226       11.05048    
         602   5.633578       31.73720    
         603   3.937439       15.50343    
         604   2.783951       7.750383    
         605   2.585428       6.684441    
         606   4.856060       23.58132    
         607   5.682946       32.29587    
         608   4.997688       24.97688    
         609   6.150082       37.82351    
         610   1.946744       3.789814    
         611   2.213611       4.900074    
         612   4.473543       20.01259    
         613   2.416063       5.837361    
         614   5.367350       28.80844    
         615   3.316014       10.99595    
         616   4.079148       16.63945    
         617   3.974156       15.79391    
         618   4.943007       24.43332    
         619   4.649505       21.61790    
         620   4.003178       16.02543    
         621   4.792008       22.96334    
         622   3.060565       9.367057    
         623   4.988032       24.88046    
         624   5.661602       32.05373    
         625   4.796844       23.00971    
         626   3.909848       15.28691    
         627   5.287320       27.95575    
         628   7.112933       50.59382    
         629   2.701715       7.299263    
         630   4.293729       18.43611    
         631   4.375798       19.14760    
         632   4.849965       23.52216    
         633   5.440782       29.60211    
         634   6.574082       43.21856    
         635   4.889279       23.90505    
         636   4.504553       20.29100    
         637   2.996460       8.978770    
         638   2.475804       6.129607    
         639   2.777856       7.716483    
         640   6.627676       43.92609    
         641   3.006640       9.039883    
         642   1.787254       3.194277    
         643   4.618777       21.33310    
         644   3.970539       15.76518    
         645   3.745394       14.02798    
         646   4.119130       16.96723    
         647   3.556388       12.64790    
         648   3.539875       12.53072    
         649   3.901188       15.21927    
         650   5.200290       27.04301    
         651   5.438766       29.58017    
         652   4.828862       23.31791    
         653   3.346823       11.20122    
         654   5.763434       33.21718    
         655   4.438444       19.69979    
         656   3.156908       9.966066    
         657   5.074197       25.74748    
         658   2.963540       8.782569    
         659   3.607493       13.01401    
         660   4.575840       20.93831    
         661   3.597286       12.94047    
         662   3.724600       13.87264    
         663   2.715248       7.372572    
         664   2.859881       8.178919    
         665   6.987357       48.82315    
         666   3.726517       13.88693    
         667   4.533714       20.55457    
         668   4.330938       18.75703    
         669   2.749450       7.559478    
         670   5.300086       28.09091    
         671   2.581760       6.665483    
         672   4.001700       16.01361    
         673   6.315987       39.89169    
         674   4.748784       22.55095    
         675   5.149631       26.51870    
         676   2.657924       7.064561    
         677   4.969201       24.69296    
         678   3.867190       14.95516    
         679   4.255044       18.10540    
         680   4.532584       20.54432    
         681   3.036615       9.221031    
         682   5.570387       31.02921    
         683   2.468864       6.095289    
         684   3.952548       15.62264    
         685   6.525377       42.58055    
         686   2.784612       7.754065    
         687   3.975767       15.80672    
         688   4.399337       19.35416    
         689   4.200766       17.64643    
         690   4.365141       19.05446    
         691   5.686309       32.33412    
         692   4.577667       20.95504    
         693   4.465289       19.93880    
         694   5.200116       27.04121    
         695   4.474085       20.01743    
         696   3.439129       11.82761    
         697   4.014530       16.11645    
         698   5.992985       35.91587    
         699   3.269795       10.69156    
         700   4.547425       20.67907    
         701   5.540749       30.69989    
         702   4.829161       23.32079    
         703   3.572601       12.76348    
         704   7.564860       57.22710    
         705   3.200186       10.24119    
         706   3.664159       13.42606    
         707   3.724983       13.87550    
         708   4.395751       19.32263    
         709   2.587956       6.697516    
         710   4.170226       17.39078    
         711   4.470764       19.98773    
         712   2.276907       5.184306    
         713   5.840119       34.10699    
         714   6.678956       44.60846    
         715   2.441862       5.962688    
         716   3.353236       11.24419    
         717   4.305301       18.53562    
         718   4.961325       24.61474    
         719   3.301840       10.90215    
         720   3.110887       9.677620    
         721   3.824475       14.62661    
         722   3.102347       9.624559    
         723   5.472473       29.94796    
         724   2.835010       8.037281    
         725   4.259536       18.14365    
         726   2.275325       5.177105    
         727   3.419895       11.69569    
         728   4.801348       23.05295    
         729   4.367209       19.07252    
         730   3.005232       9.031417    
         731   5.324641       28.35180    
         732   4.499421       20.24479    
         733   3.995340       15.96274    
         734   6.345792       40.26908    
         735   5.468794       29.90770    
         736   5.358122       28.70947    
         737   4.617539       21.32167    
         738   3.478679       12.10121    
         739   6.051189       36.61689    
         740   6.084486       37.02098    
         741   6.053534       36.64528    
         742   4.196438       17.61009    
         743   4.447066       19.77639    
         744   5.268996       27.76232    
         745   4.358325       18.99500    
         746   5.598690       31.34533    
         747   1.996963       3.987863    
         748   2.505832       6.279197    
         749   2.822873       7.968612    
         750   2.982841       8.897343    
         751   3.526303       12.43481    
         752   5.089533       25.90335    
         753   3.362628       11.30726    
         754   2.685282       7.210741    
         755   5.547711       30.77710    
         756   5.193172       26.96904    
         757   4.451979       19.82012    
         758   3.857343       14.87910    
         759   4.276302       18.28675    
         760   4.654500       21.66436    
         761   4.312681       18.59922    
         762   3.682756       13.56269    
         763   6.278036       39.41373    
         764   3.043590       9.263440    
         765   5.750773       33.07139    
         766   6.624503       43.88404    
         767   3.538172       12.51866    
         768   5.647850       31.89821    
         769   4.922891       24.23486    
         770   2.689660       7.234272    
         771   2.371253       5.622840    
         772   3.789364       14.35928    
         773   4.923740       24.24322    
         774   4.892776       23.93925    
         775   3.589662       12.88567    
         776   5.465101       29.86733    
         777   5.813799       33.80026    
         778   4.225925       17.85845    
         779   3.194827       10.20692    
         780   3.689512       13.61250    
         781   3.246321       10.53860    
         782   5.731676       32.85212    
         783   3.053396       9.323227    
         784   3.296097       10.86425    
         785   3.269153       10.68736    
         786   4.718568       22.26489    
         787   5.899666       34.80606    
         788   3.238971       10.49094    
         789   3.641204       13.25836    
         790   5.605380       31.42028    
         791   3.793369       14.38965    
         792   2.609055       6.807169    
         793   3.964288       15.71558    
         794   3.541700       12.54364    
         795   3.069379       9.421087    
         796   4.515587       20.39052    
         797   4.623851       21.38000    
         798   5.311830       28.21554    
         799   4.592384       21.08999    
         800   6.942999       48.20524    
         801   4.584073       21.01372    
         802   4.603580       21.19295    
         803   3.459737       11.96978    
         804   4.745505       22.51982    
         805   3.624944       13.14022    
         806   5.270208       27.77509    
         807   4.505321       20.29791    
         808   4.276704       18.29019    
         809   5.382986       28.97654    
         810   3.846875       14.79845    
         811   4.109020       16.88404    
         812   3.763951       14.16733    
         813   4.270003       18.23293    
         814   1.817296       3.302566    
         815   1.365325       1.864112    
         816   4.259486       18.14322    
         817   4.948164       24.48432    
         818   4.255541       18.10963    
         819   4.728411       22.35787    
         820   4.685131       21.95045    
         821   3.222979       10.38759    
         822   3.964654       15.71848    
         823   5.716399       32.67722    
         824   6.033357       36.40139    
         825   4.548625       20.68999    
         826   3.307548       10.93987    
         827   7.330113       53.73056    
         828   4.465286       19.93878    
         829   7.409687       54.90347    
         830   3.188211       10.16469    
         831   4.117984       16.95779    
         832   4.215639       17.77161    
         833   3.434903       11.79856    
         834   5.289033       27.97387    
         835   3.241602       10.50798    
         836   3.613659       13.05853    
         837   4.374323       19.13470    
         838   4.290534       18.40868    
         839   2.776047       7.706439    
         840   2.489556       6.197887    
         841   2.927895       8.572570    
         842   6.144662       37.75687    
         843   3.413543       11.65227    
         844   2.375096       5.641081    
         845   4.513785       20.37426    
         846   4.396082       19.32554    
         847   2.827288       7.993559    
         848   4.918490       24.19154    
         849   4.840271       23.42822    
         850   6.755323       45.63440    
         851   4.334922       18.79155    
         852   3.317856       11.00817    
         853   4.296167       18.45705    
         854   3.545099       12.56773    
         855   6.171151       38.08311    
         856   2.018124       4.072825    
         857   3.583601       12.84220    
         858   4.985277       24.85298    
         859   4.174527       17.42668    
         860   4.251451       18.07484    
         861   6.455827       41.67770    
         862   5.576697       31.09956    
         863   4.588818       21.05725    
         864   6.195590       38.38535    
         865   3.703270       13.71421    
         866   3.146632       9.901295    
         867   4.691428       22.00949    
         868   5.525805       30.53451    
         869   3.046032       9.278312    
         870   4.458341       19.87680    
         871   3.854416       14.85653    
         872   3.838310       14.73262    
         873   4.465275       19.93868    
         874   3.984535       15.87652    
         875   3.300450       10.89297    
         876   4.326637       18.71979    
         877   4.883988       23.85334    
         878   3.934511       15.48038    
         879   6.502615       42.28401    
         880   4.591033       21.07758    
         881   5.197009       27.00890    
         882   2.429921       5.904518    
         883   4.487201       20.13497    
         884   2.176319       4.736363    
         885   2.891997       8.363647    
         886   4.128117       17.04135    
         887   6.014735       36.17703    
         888   5.995242       35.94293    
         889   6.028398       36.34158    
         890   5.475784       29.98422    
         891   3.922805       15.38840    
         892   3.858621       14.88896    
         893   4.352377       18.94319    
         894   5.289582       27.97968    
         895   4.338301       18.82085    
         896   3.293063       10.84426    
         897   4.985566       24.85586    
         898   4.685390       21.95288    
         899   2.028974       4.116734    
         900   5.487257       30.10998    
         901   4.517148       20.40462    
         902   5.054076       25.54368    
         903   4.905124       24.06024    
         904   2.517411       6.337359    
         905   4.959817       24.59979    
         906   4.585949       21.03093    
         907   3.033392       9.201465    
         908   4.004202       16.03363    
         909   4.724074       22.31688    
         910   6.252478       39.09348    
         911   5.425310       29.43398    
         912   3.533389       12.48484    
         913   2.376944       5.649863    
         914   3.751153       14.07115    
         915   5.245891       27.51937    
         916   3.339215       11.15035    
         917   4.658769       21.70412    
         918   3.232642       10.44997    
         919   3.406769       11.60607    
         920   6.344038       40.24682    
         921   3.486506       12.15573    
         922   3.595693       12.92901    
         923   2.963971       8.785129    
         924   4.718913       22.26814    
         925   4.530577       20.52613    
         926   4.920351       24.20985    
         927   3.808017       14.50099    
         928   4.352455       18.94386    
         929   4.912770       24.13531    
         930   3.821544       14.60420    
         931   2.666708       7.111329    
         932   5.401556       29.17681    
         933   3.567405       12.72638    
         934   4.302820       18.51426    
         935   5.161867       26.64487    
         936   3.858569       14.88855    
         937   2.527094       6.386203    
         938   4.727282       22.34720    
         939   4.176163       17.44034    
         940   4.776703       22.81690    
         941   5.685257       32.32215    
         942   3.885834       15.09971    
         943   3.647538       13.30453    
         944   5.866633       34.41739    
         945   3.889597       15.12896    
         946   2.536852       6.435617    
         947   4.096255       16.77930    
         948   3.448523       11.89231    
         949   4.745390       22.51873    
         950   3.996277       15.97023    
         951   4.362126       19.02814    
         952   2.653354       7.040286    
         953   3.690162       13.61730    
         954   4.923351       24.23938    
         955   4.289749       18.40195    
         956   4.641633       21.54476    
         957   5.030386       25.30478    
         958   3.277192       10.73999    
         959   3.169934       10.04848    
         960   3.271900       10.70533    
         961   4.627261       21.41154    
         962   2.650230       7.023721    
         963   3.971348       15.77161    
         964   4.313741       18.60836    
         965   5.239282       27.45008    
         966   6.118285       37.43341    
         967   2.734011       7.474815    
         968   4.624268       21.38386    
         969   3.163433       10.00731    
         970   4.513013       20.36729    
         971   5.628710       31.68238    
         972   5.620297       31.58774    
         973   4.350929       18.93058    
         974   3.607838       13.01649    
         975   4.019835       16.15907    
         976   4.037706       16.30307    
         977   5.001872       25.01872    
         978   4.476599       20.03994    
         979   6.329782       40.06614    
         980   4.357316       18.98620    
         981   1.605377       2.577236    
         982   3.154984       9.953923    
         983   4.321680       18.67692    
         984   4.728312       22.35694    
         985   4.737731       22.44609    
         986   5.376532       28.90709    
         987   4.241483       17.99018    
         988   4.732891       22.40026    
         989   4.782728       22.87449    
         990   4.687976       21.97712    
         991   4.598873       21.14963    
         992   4.605485       21.21049    
         993   3.339263       11.15068    
         994   6.141816       37.72190    
         995   4.829198       23.32116    
         996   3.012998       9.078156    
         997   2.321059       5.387314    
         998   3.378363       11.41334    
         999   4.655573       21.67436    
        1000   4.813139       23.16632    
        1001   3.894241       15.16511    
        1002   5.256873       27.63471    
        1003   5.925921       35.11654    
        1004   2.053506       4.216888    
        1005   6.337744       40.16700    
        1006   3.990116       15.92103    
        1007   2.505579       6.277925    
        1008   6.755415       45.63563    
        1009   3.769206       14.20692    
        1010   3.858097       14.88491    
        1011   3.520990       12.39737    
        1012   3.286755       10.80276    
        1013   5.997938       35.97527    
        1014   4.446557       19.77187    
        1015   4.273966       18.26678    
        1016   4.322032       18.67997    
        1017   4.338512       18.82269    
        1018   4.178294       17.45814    
        1019   5.407524       29.24132    
        1020   4.340466       18.83965    
        1021   3.624986       13.14052    
        1022   4.127030       17.03238    
        1023   3.056653       9.343129    
        1024   4.277813       18.29968    
        1025   5.746485       33.02209    
        1026   2.739905       7.507083    
        1027   4.446632       19.77254    
        1028   5.430639       29.49184    
        1029   4.150480       17.22648    
        1030   5.478219       30.01089    
        1031   4.918946       24.19603    
        1032   6.920288       47.89039    
        1033   2.796617       7.821067    
        1034   4.654484       21.66422    
        1035   3.085205       9.518491    
        1036   2.864892       8.207609    
        1037   3.531387       12.47070    
        1038   5.494248       30.18677    
        1039   4.728295       22.35677    
        1040   5.415231       29.32473    
        1041   6.275408       39.38074    
        1042   2.836080       8.043348    
        1043   4.216981       17.78293    
        1044   3.577535       12.79876    
        1045   6.032824       36.39496    
        1046   6.405982       41.03661    
        1047   3.738663       13.97760    
        1048   4.377992       19.16681    
        1049   5.355834       28.68496    
        1050   3.631848       13.19032    
        1051   2.178246       4.744753    
        1052   2.381957       5.673719    
        1053   3.428016       11.75129    
        1054   2.790591       7.787399    
        1055   5.555793       30.86683    
        1056   3.180186       10.11358    
        1057   3.860244       14.90149    
        1058   4.891872       23.93041    
        1059   4.342480       18.85713    
        1060   4.719186       22.27071    
        1061   3.982947       15.86387    
        1062   4.701427       22.10341    
        1063   4.323236       18.69037    
        1064   2.901362       8.417903    
        1065   3.349669       11.22028    
        1066   5.082560       25.83242    
        1067   4.259847       18.14629    
        1068   3.990875       15.92709    
        1069   4.631940       21.45487    
        1070   3.229860       10.43200    
        1071   4.449172       19.79513    
        1072   5.850183       34.22465    
        1073   5.818832       33.85881    
        1074   4.187543       17.53551    
        1075   4.176151       17.44023    
        1076   3.763410       14.16326    
        1077   3.984704       15.87787    
        1078   4.710965       22.19319    
        1079   4.551049       20.71204    
        1080   2.651454       7.030208    
        1081   4.514950       20.38478    
        1082   5.098267       25.99232    
        1083   5.210752       27.15194    
        1084   4.238897       17.96825    
        1085   5.523521       30.50929    
        1086   3.237027       10.47834    
        1087   3.618115       13.09076    
        1088   2.840618       8.069112    
        1089   4.842398       23.44882    
        1090   3.455811       11.94263    
        1091   5.770715       33.30115    
        1092   3.837723       14.72812    
        1093   4.424940       19.58009    
        1094   3.701510       13.70117    
        1095   5.612020       31.49476    
        1096   4.332911       18.77411    
        1097   6.147244       37.78862    
        1098   5.284477       27.92569    
        1099   5.780884       33.41861    
        1100   5.079031       25.79656    
        1101   2.384484       5.685761    
        1102   4.067234       16.54239    
        1103   5.689893       32.37488    
        1104   4.866407       23.68192    
        1105   2.113386       4.466399    
        1106   5.732954       32.86677    
        1107   2.354916       5.545628    
        1108   3.616426       13.07854    
        1109   2.530017       6.400987    
        1110   4.050480       16.40639    
        1111   7.154591       51.18818    
        1112   5.088973       25.89765    
        1113   5.564095       30.95916    
        1114   3.588812       12.87957    
        1115   3.398407       11.54917    
        1116   3.948218       15.58842    
        1117   4.097098       16.78621    
        1118   5.661995       32.05818    
        1119   4.245892       18.02760    
        1120   4.587487       21.04504    
        1121   5.753297       33.10043    
        1122   3.381246       11.43282    
        1123   4.393963       19.30691    
        1124   4.513601       20.37259    
        1125   1.588568       2.523547    
        1126   5.506377       30.32019    
        1127   2.810207       7.897262    
        1128   5.708919       32.59175    
        1129   3.657921       13.38038    
        1130   5.231139       27.36482    
        1131   4.458926       19.88202    
        1132   4.244947       18.01958    
        1133   6.557088       42.99540    
        1134   4.453798       19.83632    
        1135   4.143536       17.16889    
        1136   5.242269       27.48139    
        1137   3.465755       12.01146    
        1138   4.284091       18.35344    
        1139   4.576218       20.94177    
        1140   4.554458       20.74309    
        1141   5.128182       26.29825    
        1142   5.354322       28.66877    
        1143   6.780510       45.97532    
        1144   5.272394       27.79815    
        1145   4.955606       24.55803    
        1146   4.933745       24.34184    
        1147   3.938614       15.51268    
        1148   3.116771       9.714260    
        1149   3.750067       14.06301    
        1150   4.948447       24.48713    
        1151   5.011499       25.11512    
        1152   3.324440       11.05190    
        1153   3.826022       14.63844    
        1154   5.026595       25.26665    
        1155   3.842817       14.76725    
        1156   4.364328       19.04737    
        1157   5.991344       35.89620    
        1158   4.628073       21.41906    
        1159   4.841833       23.44334    
        1160   4.582054       20.99522    
        1161   5.359489       28.72413    
        1162   3.757562       14.11927    
        1163   5.045900       25.46111    
        1164   3.620956       13.11132    
        1165   5.311256       28.20944    
        1166   3.685818       13.58525    
        1167   5.197291       27.01183    
        1168   2.906397       8.447140    
        1169   4.969829       24.69920    
        1170   2.047550       4.192463    
        1171   3.751028       14.07021    
        1172   4.126667       17.02938    
        1173   7.180245       51.55592    
        1174   2.976436       8.859169    
        1175   2.033009       4.133127    
        1176   5.251393       27.57713    
        1177   4.750457       22.56684    
        1178   4.084186       16.68057    
        1179   2.626822       6.900194    
        1180   3.186075       10.15107    
        1181   4.650714       21.62914    
        1182   5.321002       28.31306    
        1183   5.417813       29.35270    
        1184   5.070874       25.71376    
        1185   1.556141       2.421574    
        1186   5.108109       26.09278    
        1187   3.302357       10.90556    
        1188   5.361135       28.74177    
        1189   4.835472       23.38178    
        1190   3.640251       13.25143    
        1191   3.217280       10.35089    
        1192   2.550946       6.507324    
        1193   4.619940       21.34384    
        1194   5.136449       26.38311    
        1195   4.810890       23.14466    
        1196   4.356916       18.98272    
        1197   3.904181       15.24263    
        1198   2.192917       4.808882    
        1199   4.151074       17.23142    
        1200   4.752448       22.58576    
        1201   3.853981       14.85317    
        1202   4.723314       22.30970    
        1203   5.024552       25.24612    
        1204   4.130671       17.06244    
        1205   5.587055       31.21519    
        1206   5.232818       27.38239    
        1207   3.667879       13.45334    
        1208   5.343567       28.55371    
        1209   4.819442       23.22702    
        1210   6.564263       43.08955    
        1211   5.040284       25.40447    
        1212   4.785404       22.90009    
        1213   3.506446       12.29517    
        1214   4.535320       20.56913    
        1215   5.320404       28.30669    
        1216   4.907643       24.08496    
        1217   4.168702       17.37807    
        1218   6.639902       44.08829    
        1219   4.984267       24.84292    
        1220   3.534201       12.49057    
        1221   2.782696       7.743395    
        1222   3.887367       15.11162    
        1223   5.285758       27.93925    
        1224   5.732343       32.85976    
        1225   4.754238       22.60278    
        1226   4.083668       16.67634    
        1227   4.857381       23.59415    
        1228   3.518724       12.38142    
        1229   4.925679       24.26231    
        1230   4.843949       23.46384    
        1231   3.724614       13.87275    
        1232   2.737539       7.494120    
        1233   4.661396       21.72861    
        1234   4.851752       23.53950    
        1235   5.320551       28.30827    
        1236   3.404328       11.58945    
        1237   4.977809       24.77858    
        1238   5.629630       31.69273    
        1239   2.589103       6.703454    
        1240   4.954632       24.54838    
        1241   4.580538       20.98133    
        1242   2.667335       7.114676    
        1243   4.709978       22.18389    
        1244   4.135449       17.10194    
        1245   3.659356       13.39088    
        1246   3.238655       10.48889    
        1247   4.234902       17.93440    
        1248   4.178551       17.46029    
        1249   5.004327       25.04329    
        1250   4.459358       19.88587    
        1251   5.341864       28.53551    
        1252   7.145937       51.06442    
        1253   5.082568       25.83250    
        1254   6.582820       43.33352    
        1255   6.265347       39.25458    
        1256   4.887490       23.88756    
        1257   2.294102       5.262903    
        1258   6.658417       44.33451    
        1259   5.372223       28.86078    
        1260   5.726453       32.79226    
        1261   4.134731       17.09600    
        1262   4.257532       18.12658    
        1263   2.433850       5.923627    
        1264   3.469931       12.04042    
        1265   3.961151       15.69072    
        1266   4.491795       20.17622    
        1267   5.769411       33.28610    
        1268   4.964894       24.65018    
        1269   5.596457       31.32033    
        1270   5.554667       30.85432    
        1271   3.292616       10.84132    
        1272   2.749745       7.561096    
        1273   3.279585       10.75568    
        1274   3.269800       10.69159    
        1275   4.374027       19.13211    
        1276   3.382452       11.44098    
        1277   1.600773       2.562473    
        1278   6.010042       36.12061    
        1279   6.045265       36.54523    
        1280   4.994210       24.94214    
        1281   3.274204       10.72041    
        1282   5.025321       25.25385    
        1283   5.639405       31.80289    
        1284   3.586833       12.86537    
        1285   4.472544       20.00365    
        1286   5.965502       35.58722    
        1287   4.386215       19.23888    
        1288   6.402384       40.99052    
        1289   2.376033       5.645533    
        1290   3.336545       11.13253    
        1291   3.098031       9.597795    
        1292   4.209230       17.71762    
        1293   5.812529       33.78549    
        1294   5.157676       26.60163    
        1295   6.045902       36.55293    
        1296   4.276801       18.29103    
        1297   1.348501       1.818454    
        1298   6.816874       46.46976    
        1299   5.874493       34.50967    
        1300   5.265603       27.72657    
        1301   3.052036       9.314922    
        1302   4.991552       24.91560    
        1303   2.965818       8.796080    
        1304   4.261518       18.16054    
        1305   4.046056       16.37057    
        1306   5.150285       26.52543    
        1307   4.238289       17.96309    
        1308   4.041327       16.33232    
        1309   5.525136       30.52712    
        1310   4.948542       24.48807    
        1311   6.160765       37.95502    
        1312   4.827615       23.30586    
        1313   1.280025       1.638463    
        1314   1.675152       2.806135    
        1315   3.858437       14.88753    
        1316   5.737920       32.92373    
        1317   4.857042       23.59086    
        1318   5.825584       33.93743    
        1319   2.357645       5.558490    
        1320   4.966959       24.67068    
        1321   2.910641       8.471830    
        1322   4.592884       21.09459    
        1323   4.360144       19.01086    
        1324   5.176605       26.79724    
        1325   4.244607       18.01669    
        1326   3.808678       14.50603    
        1327   2.210848       4.887847    
        1328   4.172032       17.40586    
        1329   2.965506       8.794227    
        1330   4.132780       17.07986    
        1331   5.742583       32.97726    
        1332   4.893368       23.94505    
        1333   4.023846       16.19134    
        1334   5.595724       31.31213    
        1335   4.500839       20.25756    
        1336   3.700502       13.69372    
        1337   3.401206       11.56820    
        1338   4.236794       17.95042    
        1339   5.180713       26.83979    
        1340   3.818295       14.57938    
        1341   4.944692       24.44998    
        1342   3.508086       12.30667    
        1343   3.802401       14.45826    
        1344   4.339771       18.83361    
        1345   4.660188       21.71735    
        1346   4.537551       20.58937    
        1347   4.542771       20.63676    
        1348   5.829475       33.98278    
        1349   4.997778       24.97778    
        1350   4.559592       20.78988    
        1351   4.201829       17.65537    
        1352   6.219663       38.68421    
        1353   4.112344       16.91138    
        1354   4.836040       23.38728    
        1355   5.633499       31.73631    
        1356   4.309878       18.57505    
        1357   4.858765       23.60760    
        1358   2.699478       7.287184    
        1359   5.325288       28.35869    
        1360   2.331372       5.435298    
        1361   5.279660       27.87481    
        1362   3.752944       14.08459    
        1363   3.696088       13.66107    
        1364   4.933436       24.33880    
        1365   3.513409       12.34404    
        1366   5.569825       31.02295    
        1367   5.399210       29.15147    
        1368   4.771838       22.77044    
        1369   3.923790       15.39613    
        1370   5.931711       35.18520    
        1371   4.064577       16.52079    
        1372   3.629800       13.17544    
        1373   4.565777       20.84632    
        1374   3.178926       10.10557    
        1375   4.320563       18.66726    
        1376   4.812335       23.15857    
        1377   6.158654       37.92902    
        1378   3.319176       11.01693    
        1379   3.232788       10.45092    
        1380   4.192159       17.57420    
        1381   5.679902       32.26129    
        1382   5.201810       27.05882    
        1383   5.326592       28.37258    
        1384   5.191359       26.95020    
        1385   4.680230       21.90456    
        1386   4.907611       24.08465    
        1387   5.273410       27.80886    
        1388   5.880575       34.58116    
        1389   4.086510       16.69957    
        1390   5.493059       30.17370    
        1391   5.914028       34.97572    
        1392   4.754191       22.60233    
        1393   5.312260       28.22011    
        1394   5.010093       25.10103    
        1395   4.663529       21.74850    
        1396   4.654681       21.66605    
        1397   5.874062       34.50460    
        1398   4.210538       17.72863    
        1399   5.772530       33.32210    
        1400   2.932046       8.596893    
        1401   2.231374       4.979028    
        1402   3.441677       11.84514    
        1403   3.786554       14.33799    
        1404   5.931168       35.17876    
        1405   4.950300       24.50547    
        1406   3.871775       14.99064    
        1407   3.510387       12.32282    
        1408   2.209824       4.883324    
        1409   4.388803       19.26159    
        1410   3.510723       12.32518    
        1411   2.597971       6.749455    
        1412   2.637638       6.957137    
        1413   5.125348       26.26919    
        1414   5.611198       31.48555    
        1415   3.422469       11.71330    
        1416   3.010762       9.064687    
        1417   2.647128       7.007286    
        1418   4.488618       20.14769    
        1419   3.230088       10.43347    
        1420   2.725889       7.430470    
        1421   4.038328       16.30809    
        1422   3.049311       9.298301    
        1423   3.733455       13.93869    
        1424   3.727725       13.89593    
        1425   3.979600       15.83722    
        1426   4.022772       16.18270    
        1427   4.832137       23.34954    
        1428   4.338148       18.81953    
        1429   2.814183       7.919626    
        1430   4.914990       24.15713    
        1431   3.708524       13.75315    
        1432   6.569734       43.16140    
        1433   4.119023       16.96635    
        1434   7.146872       51.07777    
        1435   2.681317       7.189463    
        1436   4.076948       16.62150    
        1437   2.987113       8.922845    
        1438   3.933351       15.47125    
        1439   3.686289       13.58872    
        1440   1.986561       3.946425    
        1441   5.059772       25.60129    
        1442   3.249382       10.55848    
        1443   3.204395       10.26815    
        1444   6.437313       41.43900    
        1445   4.165637       17.35253    
        1446   3.616337       13.07790    
        1447   6.197518       38.40922    
        1448   4.241170       17.98753    
        1449   7.629355       58.20706    
        1450   4.735654       22.42641    
        1451   3.952198       15.61987    
        1452   6.130514       37.58320    
        1453   3.272008       10.70604    
        1454   5.799774       33.63738    
        1455   5.856697       34.30090    
        1456   4.221863       17.82413    
        1457   3.227664       10.41782    
        1458   5.963326       35.56125    
        1459   1.775487       3.152354    
        1460   4.747599       22.53970    
        1461   5.228896       27.34135    
        1462   3.483015       12.13139    
        1463   4.382895       19.20977    
        1464   2.829038       8.003456    
        1465   4.412081       19.46646    
        1466   3.222255       10.38293    
        1467   7.009479       49.13280    
        1468   5.049838       25.50086    
        1469   5.085027       25.85750    
        1470   5.835282       34.05052    
        1471   5.283303       27.91330    
        1472   4.267289       18.20975    
        1473   2.487203       6.186182    
        1474   4.497383       20.22645    
        1475   3.259090       10.62167    
        1476   5.841232       34.12000    
        1477   4.844107       23.46538    
        1478   3.079676       9.484404    
        1479   5.362399       28.75532    
        1480   4.706117       22.14753    
        1481   4.687732       21.97483    
        1482   4.747927       22.54281    
        1483   4.837599       23.40237    
        1484   3.226173       10.40819    
        1485   5.176431       26.79544    
        1486   4.239536       17.97366    
        1487   3.445994       11.87487    
        1488   4.922643       24.23241    
        1489   4.591229       21.07939    
        1490   3.294915       10.85647    
        1491   5.308184       28.17682    
        1492   4.541753       20.62752    
        1493   6.511216       42.39594    
        1494   3.051082       9.309100    
        1495   3.057408       9.347747    
        1496   4.699212       22.08259    
        1497   5.086604       25.87354    
        1498   2.643927       6.990348    
        1499   2.426857       5.889637    
        1500   4.263551       18.17787    
