           1   4.234523       17.93119    
           2   2.926094       8.562028    
           3   3.974855       15.79947    
           4   3.293850       10.84945    
           5   4.211325       17.73526    
           6   3.770611       14.21750    
           7   4.176582       17.44384    
           8   4.149548       17.21874    
           9   1.813518       3.288847    
          10   2.863688       8.200711    
          11   3.452221       11.91783    
          12   2.978571       8.871883    
          13   5.309547       28.19129    
          14   4.869794       23.71489    
          15   5.412610       29.29634    
          16   4.561480       20.80710    
          17   4.128375       17.04348    
          18   5.368290       28.81854    
          19   3.863296       14.92505    
          20   5.622269       31.60991    
          21   1.839310       3.383060    
          22   6.020610       36.24774    
          23   3.842732       14.76659    
          24   4.838017       23.40641    
          25   3.244246       10.52513    
          26   7.448377       55.47832    
          27   3.720976       13.84566    
          28   4.591114       21.07833    
          29   4.891885       23.93054    
          30   4.162608       17.32730    
          31   4.140103       17.14045    
          32   5.601849       31.38070    
          33   3.719494       13.83463    
          34   5.650826       31.93184    
          35   4.903051       24.03991    
          36   4.952404       24.52630    
          37   4.609133       21.24411    
          38   4.652755       21.64813    
          39   4.256715       18.11963    
          40   3.872957       14.99979    
          41   6.422222       41.24493    
          42   4.272720       18.25614    
          43   3.802534       14.45927    
          44   3.942950       15.54685    
          45   5.163249       26.65915    
          46   3.166187       10.02474    
          47   5.781818       33.42943    
          48   3.658489       13.38455    
          49   3.398859       11.55225    
          50   2.999109       8.994655    
          51   5.524055       30.51519    
          52   3.985799       15.88659    
          53   5.203352       27.07487    
          54   5.937155       35.24981    
          55   4.609962       21.25174    
          56   5.145343       26.47455    
          57   2.982268       8.893923    
          58   4.134556       17.09455    
          59   3.174011       10.07435    
          60   4.431077       19.63444    
          61   4.425352       19.58374    
          62   5.323643       28.34117    
          63   6.061119       36.73716    
          64   5.467997       29.89899    
          65   3.690748       13.62163    
          66   3.120182       9.735534    
          67   3.551810       12.61535    
          68   4.583397       21.00753    
          69   3.741667       14.00007    
          70   4.123989       17.00729    
          71   5.973654       35.68454    
          72   3.476180       12.08383    
          73   4.396872       19.33248    
          74   3.507764       12.30441    
          75   5.728883       32.82010    
          76   5.178974       26.82178    
          77   3.148865       9.915351    
          78   6.731474       45.31274    
          79   4.827729       23.30697    
          80   3.991814       15.93458    
          81   3.782531       14.30754    
          82   5.345145       28.57057    
          83   4.050710       16.40825    
          84   2.211745       4.891818    
          85   2.390071       5.712440    
          86   2.220583       4.930990    
          87   4.036685       16.29483    
          88   4.222882       17.83274    
          89   4.036616       16.29427    
          90   4.994299       24.94302    
          91   2.498376       6.241883    
          92   6.334634       40.12759    
          93   4.088142       16.71290    
          94   2.817474       7.938158    
          95   4.163974       17.33868    
          96   4.755811       22.61773    
          97   3.595632       12.92857    
          98   4.134701       17.09575    
          99   6.240984       38.94989    
         100   3.271190       10.70068    
         101   3.988360       15.90701    
         102   4.369238       19.09024    
         103   4.887515       23.88780    
         104   3.607612       13.01487    
         105   5.589820       31.24609    
         106   4.280174       18.31989    
         107   5.023561       25.23616    
         108   4.646504       21.59000    
         109   3.871126       14.98562    
         110   4.448156       19.78609    
         111   5.923373       35.08635    
         112   5.383249       28.97938    
         113   3.853210       14.84723    
         114   4.360901       19.01746    
         115   5.192620       26.96330    
         116   3.740273       13.98965    
         117   3.364399       11.31918    
         118   5.758002       33.15458    
         119   5.180944       26.84218    
         120   4.745266       22.51755    
         121   6.261975       39.21233    
         122   3.421982       11.70996    
         123   4.256212       18.11534    
         124   3.202138       10.25369    
         125   1.730210       2.993628    
         126   3.071204       9.432294    
         127   3.196635       10.21848    
         128   3.588992       12.88086    
         129   3.996754       15.97404    
         130   3.635634       13.21784    
         131   4.157758       17.28695    
         132   2.842533       8.079992    
         133   5.023299       25.23353    
         134   3.490888       12.18630    
         135   4.462931       19.91776    
         136   4.513289       20.36978    
         137   5.202946       27.07064    
         138   6.382450       40.73567    
         139   4.036902       16.29658    
         140   4.493812       20.19434    
         141   5.258450       27.65129    
         142   4.330254       18.75110    
         143   6.192832       38.35117    
         144   5.210527       27.14960    
         145   4.530712       20.52736    
         146   4.878766       23.80235    
         147   5.671805       32.16938    
         148   4.191503       17.56870    
         149   4.369236       19.09022    
         150   5.447838       29.67894    
         151   5.056775       25.57098    
         152   5.117908       26.19299    
         153   5.876365       34.53167    
         154   4.152379       17.24225    
         155   3.533189       12.48343    
         156   4.464819       19.93461    
         157   4.844918       23.47323    
         158   4.275386       18.27893    
         159   5.688658       32.36084    
         160   5.311658       28.21371    
         161   5.014449       25.14470    
         162   2.750292       7.564104    
         163   4.364439       19.04833    
         164   6.410816       41.09855    
         165   5.084713       25.85431    
         166   6.087921       37.06279    
         167   5.639421       31.80307    
         168   4.239864       17.97644    
         169   4.289098       18.39636    
         170   5.950865       35.41280    
         171   4.439209       19.70658    
         172   4.147103       17.19847    
         173   6.357042       40.41199    
         174   5.788733       33.50943    
         175   2.711888       7.354338    
         176   4.257453       18.12591    
         177   3.952456       15.62190    
         178   4.566071       20.84900    
         179   5.163151       26.65813    
         180   3.327303       11.07095    
         181   4.050909       16.40986    
         182   6.944985       48.23281    
         183   4.218809       17.79835    
         184   3.490253       12.18187    
         185   4.311727       18.59099    
         186   5.263371       27.70308    
         187   5.221769       27.26687    
         188   4.026948       16.21631    
         189   4.271575       18.24635    
         190   6.770364       45.83784    
         191   4.034819       16.27976    
         192   4.570409       20.88864    
         193   3.558500       12.66292    
         194   3.673610       13.49541    
         195   3.206530       10.28184    
         196   3.261619       10.63816    
         197   5.610285       31.47530    
         198   4.942788       24.43115    
         199   5.566595       30.98698    
         200   4.629748       21.43457    
         201   3.600303       12.96218    
         202   5.176473       26.79587    
         203   3.975926       15.80798    
         204   5.417450       29.34877    
         205   4.578082       20.95883    
         206   3.613831       13.05977    
         207   5.283718       27.91768    
         208   4.685304       21.95207    
         209   4.314076       18.61125    
         210   4.716681       22.24709    
         211   3.774804       14.24914    
         212   2.544592       6.474947    
         213   4.703324       22.12126    
         214   4.303431       18.51952    
         215   5.378462       28.92786    
         216   3.101796       9.621136    
         217   2.483740       6.168965    
         218   3.735638       13.95499    
         219   5.059031       25.59380    
         220   3.258521       10.61796    
         221   4.398432       19.34621    
         222   5.422760       29.40632    
         223   3.714048       13.79415    
         224   5.193788       26.97543    
         225   5.580652       31.14367    
         226   3.401209       11.56822    
         227   4.550926       20.71093    
         228   6.411691       41.10978    
         229   3.957035       15.65813    
         230   4.659262       21.70872    
         231   4.587089       21.04138    
         232   4.423745       19.56952    
         233   3.888940       15.12385    
         234   3.725335       13.87812    
         235   1.882011       3.541965    
         236   5.339330       28.50844    
         237   4.616278       21.31002    
         238   5.461699       29.83016    
         239   5.455395       29.76134    
         240   3.832540       14.68836    
         241   4.815313       23.18725    
         242   6.049809       36.60019    
         243   5.020584       25.20626    
         244   6.485211       42.05796    
         245   4.877996       23.79485    
         246   4.188062       17.53986    
         247   4.797881       23.01966    
         248   4.692067       22.01549    
         249   3.237952       10.48433    
         250   5.622840       31.61633    
         251   4.644246       21.56902    
         252   5.244104       27.50063    
         253   4.297791       18.47100    
         254   3.127203       9.779399    
         255   4.695087       22.04385    
         256   2.610019       6.812199    
         257   5.553298       30.83912    
         258   3.774971       14.25040    
         259   3.998484       15.98787    
         260   5.556425       30.87386    
         261   3.508930       12.31259    
         262   4.841619       23.44128    
         263   5.027033       25.27106    
         264   3.145551       9.894492    
         265   4.366772       19.06870    
         266   2.471050       6.106086    
         267   6.684556       44.68328    
         268   7.489933       56.09909    
         269   4.218233       17.79348    
         270   4.548073       20.68497    
         271   3.391673       11.50345    
         272   4.156052       17.27276    
         273   5.368817       28.82420    
         274   5.621789       31.60451    
         275   3.267504       10.67658    
         276   1.885458       3.554951    
         277   2.989604       8.937735    
         278   4.413884       19.48237    
         279   5.222643       27.27600    
         280   5.354942       28.67541    
         281   4.147219       17.19942    
         282   3.795463       14.40554    
         283   3.737120       13.96606    
         284   3.437457       11.81611    
         285   3.822963       14.61505    
         286   2.265348       5.131804    
         287   4.603624       21.19336    
         288   4.509779       20.33810    
         289   2.231610       4.980084    
         290   4.935393       24.35811    
         291   6.539011       42.75867    
         292   5.322927       28.33356    
         293   3.875154       15.01682    
         294   4.810752       23.14334    
         295   4.369506       19.09258    
         296   4.919325       24.19976    
         297   3.114922       9.702739    
         298   2.456581       6.034793    
         299   4.746497       22.52924    
         300   4.782647       22.87371    
         301   4.273807       18.26542    
         302   5.174124       26.77156    
         303   4.999056       24.99056    
         304   2.028913       4.116486    
         305   5.288233       27.96541    
         306   3.072731       9.441676    
         307   3.739479       13.98370    
         308   2.402631       5.772635    
         309   3.257294       10.60996    
         310   4.715349       22.23451    
         311   4.064726       16.52200    
         312   5.195420       26.99239    
         313   5.577810       31.11196    
         314   5.279301       27.87102    
         315   4.080288       16.64875    
         316   3.032551       9.196363    
         317   3.667491       13.45049    
         318   4.416886       19.50888    
         319   5.051234       25.51497    
         320   2.704884       7.316396    
         321   5.833135       34.02547    
         322   2.848195       8.112214    
         323   2.187731       4.786166    
         324   3.620007       13.10445    
         325   2.755206       7.591162    
         326   3.814225       14.54831    
         327   5.663692       32.07741    
         328   6.026849       36.32291    
         329   4.622499       21.36749    
         330   6.484265       42.04570    
         331   4.433779       19.65839    
         332   4.626772       21.40702    
         333   4.266288       18.20121    
         334   2.038741       4.156465    
         335   4.102092       16.82716    
         336   3.772516       14.23188    
         337   2.511794       6.309107    
         338   3.995613       15.96493    
         339   5.370206       28.83912    
         340   3.972902       15.78395    
         341   5.755724       33.12836    
         342   5.332067       28.43094    
         343   5.512200       30.38435    
         344   3.048809       9.295237    
         345   2.390470       5.714346    
         346   6.728373       45.27101    
         347   5.399916       29.15909    
         348   5.100784       26.01800    
         349   4.018504       16.14837    
         350   3.584469       12.84842    
         351   4.887926       23.89182    
         352   3.498885       12.24219    
         353   4.080614       16.65141    
         354   6.063310       36.76373    
         355   4.350655       18.92820    
         356   2.983812       8.903136    
         357   2.138030       4.571171    
         358   3.971921       15.77616    
         359   2.537916       6.441018    
         360   5.166963       26.69751    
         361   4.367072       19.07131    
         362   3.307033       10.93647    
         363   6.905687       47.68851    
         364   2.884563       8.320705    
         365   6.174362       38.12274    
         366   4.881583       23.82985    
         367   5.059021       25.59369    
         368   3.458069       11.95824    
         369   6.877387       47.29845    
         370   2.837803       8.053123    
         371   4.797100       23.01217    
         372   2.492264       6.211378    
         373   3.400617       11.56420    
         374   3.852057       14.83834    
         375   3.838212       14.73187    
         376   5.847063       34.18814    
         377   4.720374       22.28193    
         378   3.938858       15.51460    
         379   4.413813       19.48174    
         380   1.804865       3.257539    
         381   4.685303       21.95206    
         382   5.142792       26.44831    
         383   3.973729       15.79052    
         384   5.096327       25.97255    
         385   4.425776       19.58750    
         386   3.353394       11.24525    
         387   3.707749       13.74741    
         388   6.231111       38.82674    
         389   4.507765       20.31994    
         390   4.674531       21.85124    
         391   5.861883       34.36168    
         392   5.220305       27.25158    
         393   2.539112       6.447088    
         394   5.179344       26.82560    
         395   5.281624       27.89555    
         396   4.491765       20.17595    
         397   4.032965       16.26481    
         398   4.606077       21.21594    
         399   5.080046       25.80687    
         400   4.902452       24.03404    
         401   4.994337       24.94340    
         402   3.663121       13.41845    
         403   4.055988       16.45104    
         404   3.512866       12.34023    
         405   5.921688       35.06639    
         406   2.662549       7.089169    
         407   3.389796       11.49072    
         408   4.730521       22.37783    
         409   5.880741       34.58311    
         410   5.160310       26.62880    
         411   5.312583       28.22354    
         412   3.852124       14.83886    
         413   3.927737       15.42712    
         414   3.821334       14.60259    
         415   3.344252       11.18402    
         416   4.098382       16.79673    
         417   2.532769       6.414919    
         418   1.997964       3.991859    
         419   4.961869       24.62015    
         420   5.809769       33.75341    
         421   6.448970       41.58922    
         422   4.937768       24.38156    
         423   5.976471       35.71821    
         424   4.212028       17.74118    
         425   5.890778       34.70126    
         426   4.334938       18.79168    
         427   5.560879       30.92337    
         428   5.903748       34.85424    
         429   6.163856       37.99311    
         430   4.161757       17.32022    
         431   4.686647       21.96466    
         432   1.992882       3.971577    
         433   6.706505       44.97721    
         434   5.644342       31.85860    
         435   3.692863       13.63724    
         436   6.109932       37.33126    
         437   4.424437       19.57564    
         438   5.432554       29.51264    
         439   4.077538       16.62632    
         440   3.969609       15.75780    
         441   3.629940       13.17647    
         442   4.081724       16.66047    
         443   5.548607       30.78704    
         444   3.662965       13.41731    
         445   4.605562       21.21120    
         446   5.648330       31.90363    
         447   4.936322       24.36728    
         448   4.421285       19.54776    
         449   3.373741       11.38213    
         450   3.448196       11.89006    
         451   4.978950       24.78994    
         452   4.506650       20.30989    
         453   5.400064       29.16070    
         454   5.225096       27.30163    
         455   4.745692       22.52159    
         456   4.637308       21.50462    
         457   5.417081       29.34477    
         458   6.101608       37.22962    
         459   4.617022       21.31689    
         460   4.509582       20.33633    
         461   5.817207       33.83990    
         462   2.360419       5.571576    
         463   5.541013       30.70282    
         464   5.518158       30.45006    
         465   5.994242       35.93094    
         466   6.429161       41.33411    
         467   4.046826       16.37680    
         468   3.447192       11.88314    
         469   4.384786       19.22634    
         470   3.669573       13.46576    
         471   4.730156       22.37438    
         472   4.076128       16.61482    
         473   4.434909       19.66842    
         474   4.923661       24.24244    
         475   4.343831       18.86887    
         476   4.812755       23.16261    
         477   4.145270       17.18327    
         478   5.207819       27.12138    
         479   4.556515       20.76183    
         480   3.910022       15.28827    
         481   3.049374       9.298682    
         482   5.021398       25.21444    
         483   4.262827       18.17169    
         484   2.710176       7.345054    
         485   3.189610       10.17361    
         486   4.175797       17.43728    
         487   6.116596       37.41275    
         488   2.125749       4.518810    
         489   4.540937       20.62011    
         490   4.500144       20.25129    
         491   3.809473       14.51209    
         492   5.299935       28.08931    
         493   6.083192       37.00523    
         494   4.408456       19.43449    
         495   4.201128       17.64948    
         496   3.805051       14.47841    
         497   3.947074       15.57939    
         498   4.832057       23.34877    
         499   4.335722       18.79849    
         500   3.721918       13.85268    
         501   5.556352       30.87305    
         502   4.469457       19.97605    
         503   2.329623       5.427144    
         504   5.501529       30.26682    
         505   2.781258       7.735395    
         506   3.908406       15.27564    
         507   4.556432       20.76108    
         508   3.625560       13.14468    
         509   3.663286       13.41967    
         510   5.371155       28.84930    
         511   5.221351       27.26251    
         512   7.058794       49.82656    
         513   4.571187       20.89575    
         514   3.963882       15.71236    
         515   3.955954       15.64957    
         516   4.986045       24.86065    
         517   6.247037       39.02547    
         518   4.479779       20.06842    
         519   5.026050       25.26118    
         520   1.601211       2.563876    
         521   4.869344       23.71051    
         522   5.282460       27.90438    
         523   3.532666       12.47973    
         524   5.609581       31.46740    
         525   2.725821       7.430103    
         526   4.760762       22.66485    
         527   4.371993       19.11432    
         528   4.207853       17.70603    
         529   4.649827       21.62089    
         530   3.653148       13.34549    
         531   2.952602       8.717859    
         532   6.018956       36.22783    
         533   5.279123       27.86915    
         534   3.115290       9.705031    
         535   3.591822       12.90119    
         536   3.062392       9.378244    
         537   3.476869       12.08862    
         538   2.953792       8.724890    
         539   2.556948       6.537981    
         540   5.791740       33.54426    
         541   4.047186       16.37971    
         542   6.159181       37.93550    
         543   5.035564       25.35690    
         544   6.234250       38.86587    
         545   4.455415       19.85072    
         546   4.040855       16.32851    
         547   2.748693       7.555315    
         548   6.441113       41.48793    
         549   5.122669       26.24174    
         550   3.612133       13.04750    
         551   4.785371       22.89978    
         552   3.329714       11.08700    
         553   4.600176       21.16161    
         554   4.818888       23.22168    
         555   5.131404       26.33131    
         556   2.944658       8.671013    
         557   3.904192       15.24272    
         558   2.613608       6.830948    
         559   3.970063       15.76140    
         560   4.633465       21.46900    
         561   3.338794       11.14755    
         562   4.165442       17.35091    
         563   5.275797       27.83404    
         564   4.585047       21.02265    
         565   4.816984       23.20334    
         566   6.250793       39.07241    
         567   4.602377       21.18187    
         568   3.295841       10.86257    
         569   3.979038       15.83274    
         570   4.701928       22.10813    
         571   6.438551       41.45494    
         572   5.816702       33.83402    
         573   6.226684       38.77160    
         574   2.583378       6.673840    
         575   3.536182       12.50459    
         576   4.862252       23.64149    
         577   1.998162       3.992653    
         578   3.352972       11.24242    
         579   5.405581       29.22031    
         580   3.067908       9.412058    
         581   4.226325       17.86182    
         582   4.672077       21.82831    
         583   4.417113       19.51089    
         584   4.655649       21.67506    
         585   2.396540       5.743407    
         586   6.065431       36.78944    
         587   4.664221       21.75495    
         588   4.419336       19.53053    
         589   3.977496       15.82047    
         590   3.769435       14.20864    
         591   2.958348       8.751822    
         592   3.658380       13.38374    
         593   6.473630       41.90789    
         594   5.813966       33.80220    
         595   3.450996       11.90937    
         596   3.810761       14.52190    
         597   3.709102       13.75744    
         598   2.817772       7.939839    
         599   3.073508       9.446451    
         600   5.181937       26.85247    
         601   6.098194       37.18797    
         602   4.263554       18.17790    
         603   5.796260       33.59663    
         604   4.814718       23.18151    
         605   4.948921       24.49182    
         606   5.475596       29.98215    
         607   3.665389       13.43508    
         608   4.444221       19.75110    
         609   3.063519       9.385149    
         610   4.396353       19.32792    
         611   4.575934       20.93917    
         612   2.825028       7.980784    
         613   4.345143       18.88027    
         614   4.556846       20.76485    
         615   4.859322       23.61301    
         616   4.606265       21.21768    
         617   4.363118       19.03680    
         618   4.908508       24.09345    
         619   4.650909       21.63096    
         620   2.421070       5.861581    
         621   5.583663       31.17730    
         622   5.099739       26.00734    
         623   4.207034       17.69913    
         624   5.221200       27.26092    
         625   4.494026       20.19627    
         626   3.500349       12.25244    
         627   5.246803       27.52894    
         628   4.781312       22.86094    
         629   3.716084       13.80928    
         630   1.919190       3.683290    
         631   2.757604       7.604381    
         632   4.403697       19.39254    
         633   3.707320       13.74422    
         634   5.290732       27.99185    
         635   2.872532       8.251441    
         636   5.096873       25.97811    
         637   6.000903       36.01085    
         638   5.865305       34.40180    
         639   5.072830       25.73361    
         640   6.263763       39.23473    
         641   3.623626       13.13066    
         642   5.316629       28.26655    
         643   3.616871       13.08175    
         644   3.442289       11.84935    
         645   3.859214       14.89353    
         646   4.503933       20.28542    
         647   4.447295       19.77843    
         648   4.160964       17.31362    
         649   4.175360       17.43363    
         650   4.525149       20.47697    
         651   5.856552       34.29921    
         652   2.191905       4.804450    
         653   5.418160       29.35646    
         654   5.052759       25.53037    
         655   2.513656       6.318465    
         656   5.561155       30.92645    
         657   5.881300       34.58969    
         658   2.497116       6.235590    
         659   3.805105       14.47882    
         660   3.709910       13.76343    
         661   2.896861       8.391805    
         662   4.542484       20.63416    
         663   2.288757       5.238409    
         664   3.448263       11.89052    
         665   5.411280       29.28195    
         666   3.685531       13.58314    
         667   4.278977       18.30965    
         668   5.453015       29.73537    
         669   4.616575       21.31277    
         670   4.158035       17.28926    
         671   5.779447       33.40201    
         672   4.243661       18.00866    
         673   6.310490       39.82228    
         674   3.692663       13.63576    
         675   3.606837       13.00927    
         676   5.907823       34.90237    
         677   4.736487       22.43431    
         678   4.935793       24.36205    
         679   5.060633       25.61001    
         680   4.701668       22.10568    
         681   5.468219       29.90142    
         682   6.606509       43.64596    
         683   4.246514       18.03288    
         684   5.336232       28.47538    
         685   3.875726       15.02125    
         686   2.468055       6.091295    
         687   4.465119       19.93729    
         688   4.849919       23.52172    
         689   4.532087       20.53982    
         690   5.118401       26.19802    
         691   5.705050       32.54761    
         692   2.497514       6.237578    
         693   5.764904       33.23412    
         694   5.275186       27.82758    
         695   5.441379       29.60860    
         696   4.982209       24.82240    
         697   5.078186       25.78798    
         698   4.518895       20.42041    
         699   4.888203       23.89453    
         700   5.274776       27.82327    
         701   5.906490       34.88663    
         702   3.478309       12.09863    
         703   3.401725       11.57173    
         704   3.782703       14.30885    
         705   7.248234       52.53690    
         706   4.317136       18.63766    
         707   4.491492       20.17350    
         708   4.839873       23.42437    
         709   2.408409       5.800433    
         710   4.539382       20.60599    
         711   5.626971       31.66281    
         712   6.192162       38.34287    
         713   4.775056       22.80116    
         714   3.305252       10.92469    
         715   5.668978       32.13731    
         716   4.444453       19.75316    
         717   2.480516       6.152962    
         718   3.703583       13.71653    
         719   2.139979       4.579509    
         720   3.734173       13.94405    
         721   4.075932       16.61322    
         722   6.032781       36.39445    
         723   3.197580       10.22452    
         724   5.697685       32.46362    
         725   4.311431       18.58844    
         726   4.152796       17.24572    
         727   4.607626       21.23023    
         728   6.069298       36.83637    
         729   4.850300       23.52541    
         730   5.386204       29.01119    
         731   5.598756       31.34607    
         732   3.375402       11.39334    
         733   3.107849       9.658725    
         734   5.612118       31.49586    
         735   2.883955       8.317194    
         736   4.256444       18.11731    
         737   3.311820       10.96815    
         738   3.906214       15.25851    
         739   5.601422       31.37593    
         740   2.912747       8.484095    
         741   4.536376       20.57871    
         742   5.250344       27.56611    
         743   2.212343       4.894464    
         744   3.007867       9.047265    
         745   3.962804       15.70381    
         746   3.486933       12.15870    
         747   4.339807       18.83392    
         748   3.724386       13.87105    
         749   3.725227       13.87731    
         750   2.967198       8.804263    
         751   5.260196       27.66967    
         752   3.351743       11.23418    
         753   3.682786       13.56291    
         754   6.596780       43.51752    
         755   2.924119       8.550471    
         756   4.707293       22.15860    
         757   4.480593       20.07571    
         758   5.751058       33.07467    
         759   5.484482       30.07954    
         760   3.996379       15.97105    
         761   5.257055       27.63663    
         762   5.296012       28.04775    
         763   6.126179       37.53007    
         764   4.190671       17.56173    
         765   4.951863       24.52095    
         766   4.706126       22.14762    
         767   4.631738       21.45299    
         768   2.400867       5.764163    
         769   4.588816       21.05723    
         770   2.394221       5.732296    
         771   5.276738       27.84396    
         772   4.223144       17.83494    
         773   5.057602       25.57934    
         774   3.162976       10.00442    
         775   5.106260       26.07390    
         776   5.077518       25.78119    
         777   4.103398       16.83787    
         778   6.413832       41.13724    
         779   2.613367       6.829686    
         780   4.216969       17.78283    
         781   2.924050       8.550066    
         782   3.981855       15.85517    
         783   4.945100       24.45402    
         784   4.583206       21.00578    
         785   5.880372       34.57877    
         786   3.209439       10.30050    
         787   3.931010       15.45284    
         788   1.866037       3.482095    
         789   4.545132       20.65822    
         790   2.590141       6.708831    
         791   5.299497       28.08467    
         792   3.048731       9.294760    
         793   3.641001       13.25689    
         794   5.698599       32.47403    
         795   4.773190       22.78334    
         796   2.971989       8.832720    
         797   6.060637       36.73132    
         798   5.590711       31.25605    
         799   3.825633       14.63547    
         800   6.009944       36.11943    
         801   4.102371       16.82945    
         802   4.327919       18.73089    
         803   2.365423       5.595227    
         804   2.697477       7.276382    
         805   4.828074       23.31030    
         806   5.244577       27.50559    
         807   3.296083       10.86416    
         808   5.233795       27.39261    
         809   5.126743       26.28350    
         810   4.579576       20.97251    
         811   2.669343       7.125391    
         812   3.948968       15.59435    
         813   4.066554       16.53686    
         814   3.813855       14.54549    
         815   3.010150       9.061002    
         816   4.916254       24.16955    
         817   4.487457       20.13727    
         818   4.289231       18.39750    
         819   5.232785       27.38204    
         820   4.164362       17.34191    
         821   4.336962       18.80924    
         822   3.450461       11.90568    
         823   3.774870       14.24965    
         824   3.957385       15.66090    
         825   3.694275       13.64767    
         826   2.763541       7.637160    
         827   2.983381       8.900561    
         828   3.619372       13.09986    
         829   5.833932       34.03476    
         830   3.567844       12.72951    
         831   3.331532       11.09910    
         832   5.726508       32.79290    
         833   6.191010       38.32860    
         834   3.901082       15.21844    
         835   3.593535       12.91349    
         836   5.730454       32.83811    
         837   4.058558       16.47190    
         838   4.857494       23.59525    
         839   2.929137       8.579844    
         840   4.081790       16.66101    
         841   6.009203       36.11052    
         842   5.674582       32.20088    
         843   2.969371       8.817163    
         844   3.771325       14.22289    
         845   4.551356       20.71484    
         846   5.153776       26.56141    
         847   3.197532       10.22421    
         848   4.220418       17.81194    
         849   5.802097       33.66434    
         850   4.038199       16.30705    
         851   4.165352       17.35015    
         852   4.100000       16.81000    
         853   4.713662       22.21861    
         854   5.715974       32.67236    
         855   4.422405       19.55767    
         856   4.932174       24.32634    
         857   4.618445       21.33004    
         858   5.464764       29.86364    
         859   5.347158       28.59210    
         860   5.172708       26.75691    
         861   4.684093       21.94073    
         862   4.080037       16.64670    
         863   5.153757       26.56121    
         864   4.023012       16.18463    
         865   4.112350       16.91142    
         866   2.167899       4.699785    
         867   5.111913       26.13165    
         868   4.407536       19.42637    
         869   3.145594       9.894764    
         870   4.429795       19.62309    
         871   5.853934       34.26854    
         872   4.930058       24.30547    
         873   3.484754       12.14351    
         874   7.331855       53.75610    
         875   3.006055       9.036365    
         876   2.412682       5.821035    
         877   3.802094       14.45592    
         878   4.967047       24.67155    
         879   5.536646       30.65446    
         880   2.941008       8.649529    
         881   2.767386       7.658423    
         882   4.477772       20.05044    
         883   5.259598       27.66338    
         884   4.318262       18.64739    
         885   4.483303       20.10000    
         886   4.930739       24.31219    
         887   5.074049       25.74598    
         888   2.066096       4.268750    
         889   4.086541       16.69982    
         890   5.959991       35.52150    
         891   5.122020       26.23509    
         892   2.923150       8.544808    
         893   5.610699       31.47994    
         894   5.314793       28.24702    
         895   4.607187       21.22617    
         896   4.717557       22.25534    
         897   4.345106       18.87995    
         898   5.532743       30.61125    
         899   4.416134       19.50224    
         900   6.037118       36.44680    
         901   2.252221       5.072498    
         902   3.056665       9.343202    
         903   3.313739       10.98086    
         904   4.404641       19.40086    
         905   5.392881       29.08317    
         906   3.632999       13.19868    
         907   5.333001       28.44090    
         908   6.128099       37.55360    
         909   5.240366       27.46144    
         910   6.106476       37.28905    
         911   4.692068       22.01550    
         912   4.621115       21.35471    
         913   4.257721       18.12819    
         914   2.541004       6.456702    
         915   4.987857       24.87872    
         916   4.454744       19.84475    
         917   3.159225       9.980702    
         918   5.715700       32.66923    
         919   3.014383       9.086502    
         920   5.785707       33.47440    
         921   5.219163       27.23967    
         922   5.531195       30.59412    
         923   4.615338       21.30135    
         924   4.565765       20.84621    
         925   4.473517       20.01236    
         926   5.354529       28.67099    
         927   3.098349       9.599768    
         928   4.604389       21.20039    
         929   3.737352       13.96780    
         930   3.156059       9.960706    
         931   3.789344       14.35913    
         932   2.549213       6.498487    
         933   6.077785       36.93946    
         934   2.801438       7.848055    
         935   4.166317       17.35820    
         936   4.913101       24.13857    
         937   2.605788       6.790129    
         938   3.490766       12.18545    
         939   1.639795       2.688928    
         940   5.003654       25.03656    
         941   2.177489       4.741458    
         942   4.518036       20.41265    
         943   4.627567       21.41438    
         944   4.673957       21.84587    
         945   3.099086       9.604337    
         946   5.022301       25.22351    
         947   4.387362       19.24894    
         948   6.607886       43.66416    
         949   5.714398       32.65435    
         950   4.187788       17.53757    
         951   2.691841       7.246010    
         952   3.727608       13.89506    
         953   2.288956       5.239319    
         954   5.912842       34.96170    
         955   4.584652       21.01903    
         956   3.303641       10.91405    
         957   2.916591       8.506502    
         958   5.363215       28.76408    
         959   2.509067       6.295415    
         960   4.340168       18.83706    
         961   5.578340       31.11787    
         962   5.423385       29.41310    
         963   3.737405       13.96819    
         964   6.439579       41.46818    
         965   5.907069       34.89346    
         966   5.014678       25.14699    
         967   5.863760       34.38367    
         968   3.603344       12.98409    
         969   4.325955       18.71389    
         970   5.805402       33.70269    
         971   2.840479       8.068322    
         972   3.444010       11.86121    
         973   4.938896       24.39269    
         974   3.390062       11.49252    
         975   5.782036       33.43195    
         976   6.034017       36.40936    
         977   5.333444       28.44563    
         978   4.901004       24.01984    
         979   3.659295       13.39044    
         980   4.201500       17.65261    
         981   4.513868       20.37500    
         982   3.769718       14.21077    
         983   6.205570       38.50911    
         984   5.689531       32.37077    
         985   4.300245       18.49210    
         986   3.546897       12.58048    
         987   3.381729       11.43609    
         988   4.887722       23.88982    
         989   3.745861       14.03147    
         990   4.653860       21.65841    
         991   3.334213       11.11698    
         992   3.677998       13.52767    
         993   4.388543       19.25931    
         994   4.715917       22.23987    
         995   4.887842       23.89100    
         996   5.687894       32.35214    
         997   3.738464       13.97612    
         998   5.275743       27.83347    
         999   2.758433       7.608955    
        1000   5.078463       25.79078    
        1001   4.185317       17.51688    
        1002   5.794798       33.57969    
        1003   2.463341       6.068049    
        1004   5.338743       28.50218    
        1005   4.221979       17.82510    
        1006   5.153442       26.55796    
        1007   5.130980       26.32696    
        1008   6.186708       38.27536    
        1009   4.424429       19.57557    
        1010   5.216846       27.21549    
        1011   3.539785       12.53008    
        1012   2.662500       7.088909    
        1013   3.261272       10.63589    
        1014   4.305324       18.53582    
        1015   3.993196       15.94562    
        1016   4.456487       19.86028    
        1017   2.891789       8.362442    
        1018   5.624090       31.63039    
        1019   5.842690       34.13703    
        1020   3.840980       14.75313    
        1021   2.685271       7.210681    
        1022   4.970153       24.70243    
        1023   3.573361       12.76891    
        1024   3.248478       10.55261    
        1025   2.719058       7.393278    
        1026   3.717141       13.81714    
        1027   6.106162       37.28522    
        1028   4.604899       21.20510    
        1029   2.724217       7.421356    
        1030   3.876164       15.02465    
        1031   3.817447       14.57290    
        1032   5.888422       34.67351    
        1033   5.306989       28.16413    
        1034   4.717151       22.25151    
        1035   4.222610       17.83043    
        1036   2.728718       7.445902    
        1037   1.531292       2.344856    
        1038   3.516591       12.36641    
        1039   4.147218       17.19942    
        1040   4.063835       16.51475    
        1041   5.575463       31.08579    
        1042   5.479841       30.02866    
        1043   6.200605       38.44751    
        1044   4.528468       20.50702    
        1045   3.523166       12.41270    
        1046   4.566663       20.85442    
        1047   3.899616       15.20700    
        1048   3.230222       10.43433    
        1049   3.314364       10.98501    
        1050   3.754119       14.09341    
        1051   3.699595       13.68700    
        1052   3.549880       12.60165    
        1053   3.898586       15.19898    
        1054   2.324859       5.404972    
        1055   5.540347       30.69545    
        1056   3.344415       11.18511    
        1057   3.555384       12.64076    
        1058   4.924426       24.24997    
        1059   3.697568       13.67201    
        1060   4.436810       19.68528    
        1061   3.941236       15.53334    
        1062   5.028552       25.28633    
        1063   7.737247       59.86499    
        1064   2.996688       8.980141    
        1065   6.192878       38.35175    
        1066   5.806394       33.71421    
        1067   2.824908       7.980106    
        1068   2.438877       5.948120    
        1069   5.230323       27.35628    
        1070   4.625955       21.39946    
        1071   5.226346       27.31470    
        1072   5.340280       28.51859    
        1073   3.143989       9.884665    
        1074   4.393734       19.30490    
        1075   5.750277       33.06569    
        1076   3.189363       10.17204    
        1077   5.470179       29.92286    
        1078   4.325171       18.70710    
        1079   2.491371       6.206928    
        1080   5.103125       26.04188    
        1081   3.791100       14.37244    
        1082   6.429955       41.34431    
        1083   4.925343       24.25900    
        1084   3.182592       10.12890    
        1085   4.802173       23.06087    
        1086   3.501109       12.25777    
        1087   6.040033       36.48200    
        1088   5.045230       25.45435    
        1089   3.808720       14.50635    
        1090   4.179183       17.46557    
        1091   4.107186       16.86898    
        1092   4.613178       21.28141    
        1093   4.106324       16.86190    
        1094   4.946064       24.46355    
        1095   2.947077       8.685264    
        1096   5.334140       28.45305    
        1097   3.825705       14.63602    
        1098   4.741963       22.48621    
        1099   4.462389       19.91292    
        1100   3.520728       12.39553    
        1101   5.309306       28.18873    
        1102   2.426813       5.889423    
        1103   6.588026       43.40209    
        1104   4.117002       16.94970    
        1105   2.543058       6.467146    
        1106   4.389047       19.26374    
        1107   6.371177       40.59190    
        1108   2.697840       7.278342    
        1109   3.332412       11.10497    
        1110   5.891744       34.71265    
        1111   2.478919       6.145037    
        1112   5.617153       31.55240    
        1113   5.556187       30.87121    
        1114   6.117139       37.41939    
        1115   3.593766       12.91515    
        1116   4.984290       24.84315    
        1117   4.574660       20.92751    
        1118   5.741251       32.96197    
        1119   3.660801       13.40146    
        1120   2.675231       7.156861    
        1121   4.253774       18.09459    
        1122   1.703178       2.900815    
        1123   6.361658       40.47069    
        1124   5.495174       30.19694    
        1125   5.860630       34.34698    
        1126   4.592402       21.09016    
        1127   3.402727       11.57855    
        1128   2.768418       7.664137    
        1129   2.656679       7.057945    
        1130   6.448408       41.58197    
        1131   4.699008       22.08067    
        1132   5.267418       27.74570    
        1133   3.400940       11.56640    
        1134   4.519157       20.42278    
        1135   5.623715       31.62617    
        1136   3.564019       12.70223    
        1137   4.348313       18.90782    
        1138   3.748802       14.05352    
        1139   2.431514       5.912261    
        1140   2.560837       6.557887    
        1141   3.024022       9.144709    
        1142   4.974838       24.74901    
        1143   3.612216       13.04810    
        1144   5.637859       31.78546    
        1145   3.818824       14.58342    
        1146   3.292599       10.84121    
        1147   3.349057       11.21618    
        1148   3.163813       10.00971    
        1149   4.458476       19.87801    
        1150   4.877963       23.79452    
        1151   4.961545       24.61694    
        1152   2.464210       6.072330    
        1153   4.902593       24.03542    
        1154   3.705415       13.73010    
        1155   3.976344       15.81131    
        1156   3.596436       12.93435    
        1157   4.839917       23.42480    
        1158   6.183431       38.23481    
        1159   4.018089       16.14504    
        1160   4.266177       18.20026    
        1161   2.771947       7.683688    
        1162   4.977685       24.77735    
        1163   4.501148       20.26033    
        1164   4.482970       20.09702    
        1165   4.590903       21.07639    
        1166   3.988395       15.90730    
        1167   4.790033       22.94442    
        1168   4.386926       19.24512    
        1169   5.002689       25.02690    
        1170   3.819922       14.59180    
        1171   2.269454       5.150420    
        1172   3.143736       9.883075    
        1173   4.268511       18.22018    
        1174   5.141379       26.43378    
        1175   3.768477       14.20142    
        1176   4.571128       20.89522    
        1177   3.621349       13.11417    
        1178   3.501415       12.25991    
        1179   5.244606       27.50589    
        1180   4.913556       24.14304    
        1181   1.809599       3.274650    
        1182   3.351289       11.23114    
        1183   4.486754       20.13097    
        1184   4.104769       16.84913    
        1185   4.596062       21.12378    
        1186   3.790809       14.37023    
        1187   4.963850       24.63981    
        1188   3.975746       15.80656    
        1189   4.230072       17.89351    
        1190   4.954895       24.55099    
        1191   3.120613       9.738224    
        1192   5.669045       32.13808    
        1193   5.053770       25.54058    
        1194   5.190426       26.94053    
        1195   5.151536       26.53832    
        1196   6.225323       38.75464    
        1197   5.252112       27.58469    
        1198   3.945814       15.56944    
        1199   4.904323       24.05239    
        1200   5.521352       30.48533    
        1201   5.109557       26.10758    
        1202   4.244400       18.01493    
        1203   5.725037       32.77605    
        1204   5.452512       29.72989    
        1205   5.800723       33.64838    
        1206   4.382090       19.20271    
        1207   3.310962       10.96247    
        1208   2.693265       7.253677    
        1209   4.613948       21.28852    
        1210   4.103251       16.83667    
        1211   5.736471       32.90710    
        1212   5.778719       33.39360    
        1213   5.319059       28.29239    
        1214   3.779728       14.28635    
        1215   4.933721       24.34160    
        1216   3.513934       12.34773    
        1217   4.570032       20.88519    
        1218   4.714043       22.22220    
        1219   4.603764       21.19464    
        1220   4.273804       18.26540    
        1221   6.308611       39.79857    
        1222   5.303354       28.12556    
        1223   4.529320       20.51474    
        1224   3.163682       10.00889    
        1225   2.371010       5.621686    
        1226   5.176874       26.80002    
        1227   4.660540       21.72063    
        1228   4.942536       24.42867    
        1229   5.785591       33.47307    
        1230   2.559833       6.552745    
        1231   5.341905       28.53594    
        1232   4.001047       16.00838    
        1233   5.374433       28.88453    
        1234   3.976111       15.80946    
        1235   5.257370       27.63995    
        1236   3.214605       10.33368    
        1237   3.243867       10.52267    
        1238   4.877518       23.79018    
        1239   6.232712       38.84671    
        1240   4.728528       22.35898    
        1241   4.133818       17.08845    
        1242   4.447347       19.77889    
        1243   6.390989       40.84475    
        1244   4.818778       23.22062    
        1245   5.727544       32.80476    
        1246   6.230621       38.82064    
        1247   3.499363       12.24554    
        1248   5.306651       28.16054    
        1249   4.251870       18.07840    
        1250   5.973507       35.68279    
        1251   6.299021       39.67767    
        1252   3.709430       13.75988    
        1253   3.494745       12.21324    
        1254   5.482324       30.05588    
        1255   4.153171       17.24883    
        1256   2.941826       8.654341    
        1257   2.553257       6.519119    
        1258   4.926659       24.27197    
        1259   4.517648       20.40915    
        1260   3.485686       12.15001    
        1261   4.265459       18.19414    
        1262   2.812788       7.911779    
        1263   4.528801       20.51004    
        1264   4.332581       18.77125    
        1265   5.083945       25.84650    
        1266   4.203518       17.66956    
        1267   4.259803       18.14593    
        1268   6.065709       36.79283    
        1269   2.019107       4.076793    
        1270   5.803627       33.68209    
        1271   6.418304       41.19462    
        1272   5.586226       31.20592    
        1273   2.021862       4.087925    
        1274   2.194836       4.817304    
        1275   3.172391       10.06406    
        1276   3.652883       13.34356    
        1277   2.701900       7.300262    
        1278   4.289537       18.40014    
        1279   5.253266       27.59680    
        1280   4.785081       22.89700    
        1281   7.214002       52.04182    
        1282   4.462098       19.91032    
        1283   2.239970       5.017467    
        1284   3.861682       14.91259    
        1285   4.944103       24.44415    
        1286   4.547497       20.67973    
        1287   5.360921       28.73948    
        1288   6.470228       41.86384    
        1289   5.848135       34.20069    
        1290   5.124141       26.25682    
        1291   3.828033       14.65384    
        1292   4.448970       19.79333    
        1293   5.585591       31.19882    
        1294   5.624559       31.63567    
        1295   4.667036       21.78122    
        1296   3.780040       14.28870    
        1297   4.165230       17.34914    
        1298   4.101087       16.81892    
        1299   3.180690       10.11679    
        1300   3.959138       15.67477    
        1301   4.135003       17.09825    
        1302   4.256573       18.11842    
        1303   3.826255       14.64022    
        1304   3.288210       10.81233    
        1305   4.379794       19.18259    
        1306   5.067820       25.68280    
        1307   1.334513       1.780926    
        1308   4.046781       16.37643    
        1309   2.478285       6.141893    
        1310   4.790868       22.95242    
        1311   3.160729       9.990211    
        1312   5.129991       26.31681    
        1313   7.254598       52.62919    
        1314   4.240548       17.98225    
        1315   2.602030       6.770558    
        1316   4.044360       16.35685    
        1317   5.121870       26.23355    
        1318   3.706635       13.73914    
        1319   3.597831       12.94439    
        1320   2.970036       8.821112    
        1321   4.049361       16.39732    
        1322   4.535502       20.57078    
        1323   5.586301       31.20676    
        1324   4.821717       23.24895    
        1325   3.074398       9.451922    
        1326   4.395491       19.32034    
        1327   4.773902       22.79014    
        1328   6.337152       40.15949    
        1329   4.091823       16.74302    
        1330   4.413755       19.48123    
        1331   1.546123       2.390498    
        1332   7.668938       58.81261    
        1333   4.966548       24.66660    
        1334   4.838160       23.40779    
        1335   2.586728       6.691160    
        1336   5.642517       31.83800    
        1337   3.732060       13.92828    
        1338   3.957443       15.66135    
        1339   4.565889       20.84735    
        1340   3.568287       12.73267    
        1341   5.252439       27.58812    
        1342   4.946592       24.46877    
        1343   4.953538       24.53754    
        1344   3.347163       11.20350    
        1345   2.694571       7.260714    
        1346   4.991904       24.91911    
        1347   5.844815       34.16186    
        1348   2.206367       4.868058    
        1349   5.890380       34.69658    
        1350   4.777908       22.82840    
        1351   3.281940       10.77113    
        1352   3.393274       11.51431    
        1353   3.606504       13.00687    
        1354   5.582214       31.16112    
        1355   3.770644       14.21775    
        1356   5.234890       27.40407    
        1357   4.804829       23.08638    
        1358   7.022408       49.31421    
        1359   4.790485       22.94875    
        1360   5.458256       29.79256    
        1361   3.122554       9.750343    
        1362   5.354620       28.67195    
        1363   4.941969       24.42306    
        1364   5.266383       27.73478    
        1365   4.010734       16.08599    
        1366   4.701498       22.10408    
        1367   4.893989       23.95113    
        1368   2.090500       4.370190    
        1369   4.652278       21.64369    
        1370   6.645040       44.15656    
        1371   6.224115       38.73961    
        1372   4.939658       24.40022    
        1373   4.544913       20.65624    
        1374   6.074103       36.89473    
        1375   5.269663       27.76935    
        1376   6.210233       38.56700    
        1377   2.975656       8.854529    
        1378   6.166854       38.03009    
        1379   3.406944       11.60727    
        1380   2.878597       8.286321    
        1381   5.259737       27.66483    
        1382   4.714417       22.22573    
        1383   5.589403       31.24143    
        1384   4.867866       23.69611    
        1385   5.064859       25.65280    
        1386   4.575004       20.93066    
        1387   4.521803       20.44670    
        1388   4.101488       16.82220    
        1389   4.355657       18.97175    
        1390   6.204014       38.48979    
        1391   3.683245       13.56629    
        1392   4.265383       18.19349    
        1393   6.105906       37.28209    
        1394   3.889553       15.12862    
        1395   6.264948       39.24958    
        1396   3.116343       9.711597    
        1397   4.609044       21.24328    
        1398   5.050863       25.51122    
        1399   5.448012       29.68084    
        1400   4.206668       17.69605    
        1401   3.269534       10.68985    
        1402   3.881936       15.06943    
        1403   5.777020       33.37395    
        1404   5.848821       34.20871    
        1405   6.822065       46.54057    
        1406   4.442574       19.73647    
        1407   4.440185       19.71525    
        1408   5.746611       33.02353    
        1409   2.825586       7.983938    
        1410   3.541568       12.54270    
        1411   3.420479       11.69968    
        1412   6.959882       48.43996    
        1413   4.233127       17.91936    
        1414   5.785789       33.47535    
        1415   3.646986       13.30051    
        1416   5.001145       25.01146    
        1417   4.051616       16.41559    
        1418   3.387333       11.47403    
        1419   4.820644       23.23861    
        1420   3.810959       14.52341    
        1421   4.407230       19.42368    
        1422   3.321777       11.03420    
        1423   5.205475       27.09697    
        1424   3.294525       10.85390    
        1425   4.533504       20.55265    
        1426   3.058179       9.352462    
        1427   5.027508       25.27584    
        1428   3.004692       9.028176    
        1429   5.895028       34.75136    
        1430   5.027735       25.27812    
        1431   3.046209       9.279387    
        1432   4.316150       18.62915    
        1433   4.966940       24.67050    
        1434   6.069515       36.83902    
        1435   4.618606       21.33152    
        1436   6.090216       37.09073    
        1437   3.933750       15.47439    
        1438   3.911081       15.29656    
        1439   4.344927       18.87839    
        1440   5.620031       31.58475    
        1441   4.637552       21.50689    
        1442   5.148403       26.50605    
        1443   4.779288       22.84159    
        1444   4.203178       17.66671    
        1445   4.358355       18.99525    
        1446   5.475561       29.98177    
        1447   4.483443       20.10126    
        1448   3.584824       12.85096    
        1449   4.112803       16.91515    
        1450   3.997248       15.97799    
        1451   5.968010       35.61715    
        1452   4.297340       18.46713    
        1453   2.321754       5.390540    
        1454   5.156334       26.58778    
        1455   3.700813       13.69602    
        1456   4.900260       24.01255    
        1457   5.318977       28.29152    
        1458   4.620084       21.34518    
        1459   5.767267       33.26137    
        1460   4.160280       17.30793    
        1461   5.549620       30.79828    
        1462   3.523277       12.41348    
        1463   5.055991       25.56305    
        1464   4.209749       17.72198    
        1465   5.283932       27.91994    
        1466   5.523075       30.50436    
        1467   5.397924       29.13759    
        1468   5.889031       34.68068    
        1469   3.686135       13.58759    
        1470   4.684152       21.94128    
        1471   6.029138       36.35050    
        1472   6.261985       39.21245    
        1473   3.489215       12.17462    
        1474   5.146039       26.48172    
        1475   3.581799       12.82928    
        1476   5.196025       26.99868    
        1477   2.979303       8.876245    
        1478   6.903278       47.65525    
        1479   4.656821       21.68599    
        1480   3.040934       9.247279    
        1481   2.680118       7.183035    
        1482   6.362993       40.48768    
        1483   5.499690       30.24659    
        1484   4.229175       17.88592    
        1485   3.137092       9.841349    
        1486   4.601032       21.16949    
        1487   4.391496       19.28524    
        1488   3.837104       14.72337    
        1489   4.425741       19.58718    
        1490   3.813054       14.53938    
        1491   4.998202       24.98202    
        1492   5.629270       31.68868    
        1493   5.433098       29.51855    
        1494   4.494694       20.20227    
        1495   4.870987       23.72652    
        1496   3.022155       9.133424    
        1497   5.674970       32.20529    
        1498   4.064839       16.52291    
        1499   3.606603       13.00758    
        1500   5.552277       30.82778    
