           1   3.188094       10.16394    
           2   4.873957       23.75546    
           3   5.852556       34.25241    
           4   5.432469       29.51171    
           5   4.816454       23.19823    
           6   4.211378       17.73570    
           7   4.036904       16.29660    
           8   4.687586       21.97346    
           9   5.182030       26.85344    
          10   3.492429       12.19706    
          11   5.369930       28.83615    
          12   3.649562       13.31931    
          13   3.918622       15.35560    
          14   4.356187       18.97636    
          15   2.969127       8.815718    
          16   5.747777       33.03694    
          17   6.630369       43.96179    
          18   5.043168       25.43354    
          19   5.960014       35.52177    
          20   5.946272       35.35815    
          21   3.236310       10.47370    
          22   5.456820       29.77688    
          23   5.172133       26.75096    
          24   3.210719       10.30872    
          25   2.743967       7.529357    
          26   6.305961       39.76514    
          27   3.720976       13.84566    
          28   3.837236       14.72438    
          29   3.357045       11.26976    
          30   6.269985       39.31272    
          31   3.679380       13.53784    
          32   5.671729       32.16850    
          33   3.022731       9.136902    
          34   3.151275       9.930533    
          35   5.386518       29.01458    
          36   4.405097       19.40489    
          37   2.502640       6.263208    
          38   5.395160       29.10775    
          39   4.921097       24.21720    
          40   4.305440       18.53681    
          41   2.371899       5.625905    
          42   3.767097       14.19102    
          43   3.729798       13.91139    
          44   1.666637       2.777679    
          45   3.755825       14.10622    
          46   5.354830       28.67421    
          47   5.951226       35.41709    
          48   5.365291       28.78635    
          49   3.457636       11.95525    
          50   5.725035       32.77602    
          51   3.243139       10.51795    
          52   3.913652       15.31667    
          53   3.801888       14.45435    
          54   6.389247       40.82248    
          55   6.198011       38.41534    
          56   5.331235       28.42207    
          57   3.451549       11.91319    
          58   1.865683       3.480774    
          59   6.117954       37.42936    
          60   5.619256       31.57603    
          61   3.426280       11.73939    
          62   5.064087       25.64498    
          63   6.061119       36.73716    
          64   4.511417       20.35289    
          65   4.321834       18.67825    
          66   5.499018       30.23920    
          67   2.963070       8.779782    
          68   3.341913       11.16838    
          69   2.817073       7.935902    
          70   4.602303       21.18119    
          71   5.368054       28.81601    
          72   4.853477       23.55624    
          73   5.042816       25.42999    
          74   3.876668       15.02855    
          75   4.075264       16.60778    
          76   4.977900       24.77948    
          77   3.637174       13.22904    
          78   5.450495       29.70790    
          79   4.756485       22.62415    
          80   3.258901       10.62044    
          81   5.853334       34.26153    
          82   3.125749       9.770309    
          83   5.448364       29.68467    
          84   1.697744       2.882333    
          85   3.786665       14.33884    
          86   4.140069       17.14017    
          87   4.410011       19.44820    
          88   4.246042       18.02888    
          89   4.075179       16.60708    
          90   4.132042       17.07377    
          91   5.036838       25.36973    
          92   4.004523       16.03620    
          93   4.153658       17.25288    
          94   3.045177       9.273107    
          95   5.562164       30.93767    
          96   4.139863       17.13847    
          97   5.053427       25.53712    
          98   4.360706       19.01576    
          99   2.258740       5.101906    
         100   3.456355       11.94639    
         101   5.560947       30.92413    
         102   3.506811       12.29772    
         103   3.670883       13.47538    
         104   3.016820       9.101204    
         105   4.646090       21.58615    
         106   2.516798       6.334272    
         107   2.516323       6.331881    
         108   5.256753       27.63345    
         109   4.305206       18.53480    
         110   5.201363       27.05418    
         111   5.228279       27.33490    
         112   2.695922       7.267996    
         113   4.287232       18.38036    
         114   5.173621       26.76636    
         115   3.088104       9.536389    
         116   4.274900       18.27477    
         117   6.437721       41.44424    
         118   2.526301       6.382196    
         119   5.494631       30.19097    
         120   2.409746       5.806877    
         121   4.409265       19.44162    
         122   2.775814       7.705144    
         123   4.759964       22.65726    
         124   5.836561       34.06544    
         125   5.978181       35.73866    
         126   4.450111       19.80349    
         127   5.439668       29.58999    
         128   2.993036       8.958264    
         129   3.472810       12.06041    
         130   5.012466       25.12482    
         131   3.125604       9.769400    
         132   3.310856       10.96177    
         133   3.030980       9.186841    
         134   4.225254       17.85276    
         135   2.550118       6.503101    
         136   5.507744       30.33525    
         137   3.377648       11.40850    
         138   5.383838       28.98571    
         139   5.372690       28.86579    
         140   4.471308       19.99260    
         141   4.948184       24.48453    
         142   1.921655       3.692759    
         143   5.465301       29.86951    
         144   5.913797       34.97300    
         145   4.413230       19.47660    
         146   3.034526       9.208349    
         147   5.361653       28.74732    
         148   5.884208       34.62391    
         149   4.369236       19.09022    
         150   3.193373       10.19763    
         151   3.730287       13.91504    
         152   5.085468       25.86199    
         153   4.508174       20.32364    
         154   3.075287       9.457388    
         155   4.371747       19.11217    
         156   5.842606       34.13604    
         157   4.434540       19.66515    
         158   4.363894       19.04357    
         159   4.215534       17.77073    
         160   4.985646       24.85666    
         161   4.625951       21.39942    
         162   4.696945       22.06129    
         163   3.693381       13.64106    
         164   3.068387       9.414998    
         165   6.247315       39.02894    
         166   4.881773       23.83171    
         167   3.805353       14.48072    
         168   3.694221       13.64727    
         169   3.760599       14.14210    
         170   4.169331       17.38332    
         171   3.811609       14.52836    
         172   4.135554       17.10281    
         173   3.320897       11.02836    
         174   3.723020       13.86088    
         175   4.574620       20.92715    
         176   4.407719       19.42798    
         177   4.563657       20.82697    
         178   3.379642       11.42198    
         179   4.209105       17.71656    
         180   3.656982       13.37352    
         181   5.447666       29.67706    
         182   4.907489       24.08345    
         183   4.190054       17.55655    
         184   5.232236       27.37630    
         185   4.279739       18.31617    
         186   4.159235       17.29924    
         187   4.217574       17.78793    
         188   4.380234       19.18645    
         189   2.879856       8.293570    
         190   4.400774       19.36681    
         191   3.399086       11.55379    
         192   6.057876       36.69786    
         193   5.036611       25.36745    
         194   3.796793       14.41564    
         195   2.548081       6.492719    
         196   2.688230       7.226579    
         197   5.682696       32.29303    
         198   4.743518       22.50096    
         199   4.048709       16.39204    
         200   3.273010       10.71259    
         201   5.879715       34.57105    
         202   5.345805       28.57763    
         203   4.286875       18.37729    
         204   6.320702       39.95127    
         205   5.200521       27.04542    
         206   4.700221       22.09207    
         207   3.477252       12.09128    
         208   4.108668       16.88115    
         209   3.804044       14.47075    
         210   5.031075       25.31171    
         211   4.364917       19.05250    
         212   3.616191       13.07684    
         213   6.351830       40.34575    
         214   2.942700       8.659485    
         215   4.993752       24.93755    
         216   3.824172       14.62429    
         217   6.099761       37.20709    
         218   3.935677       15.48955    
         219   5.092108       25.92957    
         220   4.288858       18.39431    
         221   4.400116       19.36102    
         222   5.102020       26.03061    
         223   4.077172       16.62333    
         224   4.735582       22.42574    
         225   3.808847       14.50732    
         226   4.775046       22.80107    
         227   3.342908       11.17503    
         228   3.441071       11.84097    
         229   3.742384       14.00544    
         230   3.270490       10.69610    
         231   5.096526       25.97458    
         232   5.159185       26.61720    
         233   5.072320       25.72844    
         234   4.077752       16.62807    
         235   2.551220       6.508725    
         236   5.689332       32.36850    
         237   5.094634       25.95529    
         238   5.449291       29.69478    
         239   6.148439       37.80331    
         240   4.260846       18.15481    
         241   4.004811       16.03852    
         242   4.078566       16.63470    
         243   6.035584       36.42828    
         244   4.772067       22.77262    
         245   5.768080       33.27075    
         246   2.610585       6.815153    
         247   2.709010       7.338737    
         248   3.957601       15.66261    
         249   3.348672       11.21360    
         250   5.501930       30.27123    
         251   3.303527       10.91329    
         252   2.120699       4.497365    
         253   3.491388       12.18979    
         254   5.105736       26.06854    
         255   4.983795       24.83821    
         256   4.428323       19.61004    
         257   3.810968       14.52348    
         258   4.789729       22.94151    
         259   2.503871       6.269372    
         260   2.229211       4.969384    
         261   3.514152       12.34927    
         262   3.074511       9.452617    
         263   4.445132       19.75920    
         264   3.649005       13.31524    
         265   5.142842       26.44882    
         266   2.847015       8.105495    
         267   5.126712       26.28318    
         268   3.478767       12.10182    
         269   6.790275       46.10783    
         270   5.272099       27.79503    
         271   3.183524       10.13482    
         272   4.550794       20.70972    
         273   4.447397       19.77934    
         274   3.365378       11.32577    
         275   2.776790       7.710564    
         276   4.154424       17.25924    
         277   3.469223       12.03551    
         278   4.148402       17.20924    
         279   5.489618       30.13590    
         280   3.956620       15.65484    
         281   5.522634       30.49949    
         282   4.328891       18.73930    
         283   6.382782       40.73990    
         284   4.365610       19.05855    
         285   2.852485       8.136672    
         286   2.013640       4.054747    
         287   5.100683       26.01696    
         288   3.602710       12.97952    
         289   2.513661       6.318494    
         290   3.776860       14.26467    
         291   4.094267       16.76302    
         292   6.470212       41.86364    
         293   5.102194       26.03239    
         294   1.981263       3.925401    
         295   3.450295       11.90454    
         296   4.834033       23.36787    
         297   3.896573       15.18328    
         298   3.230311       10.43491    
         299   4.337328       18.81241    
         300   5.149641       26.51880    
         301   4.421829       19.55257    
         302   2.662582       7.089342    
         303   4.772088       22.77282    
         304   3.503343       12.27341    
         305   4.146089       17.19005    
         306   4.177624       17.45255    
         307   5.718687       32.70338    
         308   4.539941       20.61106    
         309   5.332452       28.43505    
         310   4.536267       20.57772    
         311   5.098546       25.99517    
         312   5.371508       28.85310    
         313   3.582474       12.83412    
         314   4.704326       22.13068    
         315   2.758799       7.610971    
         316   3.764645       14.17255    
         317   4.188713       17.54532    
         318   2.611228       6.818514    
         319   3.030915       9.186447    
         320   5.241960       27.47814    
         321   2.341912       5.484550    
         322   3.177611       10.09721    
         323   4.290246       18.40621    
         324   4.605366       21.20940    
         325   3.754605       14.09706    
         326   4.482379       20.09172    
         327   4.681201       21.91365    
         328   4.995438       24.95440    
         329   3.165062       10.01762    
         330   4.017023       16.13647    
         331   4.047381       16.38130    
         332   5.472866       29.95226    
         333   6.659024       44.34260    
         334   6.169526       38.06305    
         335   2.106479       4.437254    
         336   6.799127       46.22813    
         337   6.576619       43.25191    
         338   4.034665       16.27852    
         339   4.395965       19.32451    
         340   2.486797       6.184161    
         341   4.198959       17.63126    
         342   3.024704       9.148836    
         343   3.231806       10.44457    
         344   4.078361       16.63303    
         345   3.631839       13.19026    
         346   4.285583       18.36622    
         347   4.480067       20.07100    
         348   2.809012       7.890546    
         349   4.172622       17.41077    
         350   5.886597       34.65202    
         351   5.392799       29.08229    
         352   3.844283       14.77852    
         353   4.052963       16.42651    
         354   4.574936       20.93004    
         355   3.487733       12.16428    
         356   3.505784       12.29052    
         357   2.430938       5.909461    
         358   4.564518       20.83482    
         359   4.568430       20.87056    
         360   4.361512       19.02279    
         361   3.829605       14.66587    
         362   4.876536       23.78061    
         363   3.163585       10.00827    
         364   4.461155       19.90191    
         365   4.507905       20.32121    
         366   3.742582       14.00692    
         367   4.683746       21.93748    
         368   4.222484       17.82937    
         369   5.230037       27.35328    
         370   4.931445       24.31915    
         371   4.303141       18.51702    
         372   2.927222       8.568627    
         373   5.848453       34.20440    
         374   4.961341       24.61491    
         375   2.408648       5.801585    
         376   4.953883       24.54096    
         377   2.635373       6.945193    
         378   6.866165       47.14422    
         379   5.515638       30.42226    
         380   1.594937       2.543823    
         381   4.388141       19.25579    
         382   4.653295       21.65315    
         383   5.006633       25.06637    
         384   4.790155       22.94559    
         385   5.755556       33.12642    
         386   2.082186       4.335499    
         387   5.474491       29.97005    
         388   4.396750       19.33141    
         389   5.177218       26.80359    
         390   4.461020       19.90069    
         391   4.989801       24.89812    
         392   6.937417       48.12774    
         393   4.412302       19.46840    
         394   3.977552       15.82092    
         395   3.059529       9.360721    
         396   5.461380       29.82667    
         397   5.244694       27.50682    
         398   3.075070       9.456057    
         399   4.295731       18.45330    
         400   3.772438       14.23129    
         401   4.533335       20.55112    
         402   4.690224       21.99820    
         403   4.245227       18.02196    
         404   6.500451       42.25586    
         405   4.947412       24.47689    
         406   3.328892       11.08152    
         407   4.760224       22.65973    
         408   5.533400       30.61851    
         409   2.585778       6.686246    
         410   3.135364       9.830510    
         411   4.458444       19.87772    
         412   3.430096       11.76556    
         413   4.191803       17.57121    
         414   3.601412       12.97017    
         415   4.756768       22.62684    
         416   3.686087       13.58724    
         417   5.001900       25.01901    
         418   5.355297       28.67920    
         419   4.111473       16.90421    
         420   4.668401       21.79397    
         421   4.586292       21.03407    
         422   2.528585       6.393743    
         423   3.217557       10.35268    
         424   4.453023       19.82941    
         425   3.961459       15.69316    
         426   4.263270       18.17547    
         427   3.749517       14.05888    
         428   5.311150       28.20831    
         429   2.214454       4.903809    
         430   4.840505       23.43049    
         431   4.316521       18.63235    
         432   4.801689       23.05622    
         433   4.895834       23.96919    
         434   4.240531       17.98211    
         435   6.358482       40.43030    
         436   4.556146       20.75846    
         437   4.815182       23.18598    
         438   2.935718       8.618441    
         439   3.719285       13.83308    
         440   3.969609       15.75780    
         441   3.808588       14.50534    
         442   5.172423       26.75396    
         443   4.864693       23.66524    
         444   3.433683       11.79018    
         445   4.305321       18.53579    
         446   3.460318       11.97380    
         447   6.156301       37.90005    
         448   4.387025       19.24599    
         449   5.377299       28.91534    
         450   4.485485       20.11957    
         451   3.610165       13.03329    
         452   3.886815       15.10733    
         453   3.853298       14.84791    
         454   3.646570       13.29747    
         455   3.407207       11.60906    
         456   4.767404       22.72813    
         457   4.100949       16.81778    
         458   3.995704       15.96565    
         459   2.734022       7.474878    
         460   5.160203       26.62770    
         461   3.717731       13.82153    
         462   3.988422       15.90751    
         463   4.353792       18.95551    
         464   5.058621       25.58965    
         465   5.994242       35.93094    
         466   3.393090       11.51306    
         467   3.965921       15.72853    
         468   5.139832       26.41787    
         469   4.167567       17.36862    
         470   3.391235       11.50048    
         471   5.189753       26.93353    
         472   2.928014       8.573268    
         473   4.219432       17.80360    
         474   3.494955       12.21471    
         475   3.443351       11.85666    
         476   3.392163       11.50677    
         477   4.768393       22.73757    
         478   5.945891       35.35363    
         479   5.525165       30.52744    
         480   4.545374       20.66043    
         481   5.044659       25.44858    
         482   2.293252       5.259006    
         483   3.238843       10.49010    
         484   4.540770       20.61859    
         485   4.010554       16.08455    
         486   5.383283       28.97973    
         487   5.471163       29.93363    
         488   4.113658       16.92218    
         489   3.762431       14.15589    
         490   5.461551       29.82854    
         491   4.754757       22.60772    
         492   5.261162       27.67983    
         493   6.041236       36.49653    
         494   4.593691       21.10200    
         495   5.141447       26.43447    
         496   4.081505       16.65868    
         497   6.188244       38.29437    
         498   3.557607       12.65657    
         499   4.560857       20.80141    
         500   4.776173       22.81182    
         501   3.741835       14.00133    
         502   5.605493       31.42155    
         503   4.920142       24.20780    
         504   4.000670       16.00536    
         505   5.032896       25.33004    
         506   4.342116       18.85398    
         507   5.206275       27.10530    
         508   4.524468       20.47081    
         509   4.005692       16.04556    
         510   3.499636       12.24745    
         511   5.709811       32.60194    
         512   3.936697       15.49758    
         513   3.251454       10.57196    
         514   4.327033       18.72321    
         515   3.588875       12.88002    
         516   3.580771       12.82192    
         517   3.212062       10.31734    
         518   4.364682       19.05045    
         519   4.771463       22.76686    
         520   3.947859       15.58559    
         521   2.232104       4.982289    
         522   4.135226       17.10009    
         523   4.142274       17.15843    
         524   3.942842       15.54600    
         525   6.275788       39.38552    
         526   6.169308       38.06036    
         527   3.814965       14.55396    
         528   5.991489       35.89795    
         529   4.700527       22.09496    
         530   5.253311       27.59727    
         531   2.647772       7.010694    
         532   5.671704       32.16823    
         533   3.475936       12.08213    
         534   6.509637       42.37537    
         535   5.269838       27.77120    
         536   3.476280       12.08453    
         537   3.179382       10.10847    
         538   4.843095       23.45557    
         539   4.349981       18.92234    
         540   4.778949       22.83835    
         541   5.800075       33.64087    
         542   5.503019       30.28322    
         543   4.823580       23.26693    
         544   6.241493       38.95623    
         545   6.665406       44.42765    
         546   6.075134       36.90726    
         547   3.108173       9.660743    
         548   2.058525       4.237526    
         549   3.308669       10.94729    
         550   3.553001       12.62382    
         551   2.716366       7.378645    
         552   4.988310       24.88324    
         553   3.064947       9.393902    
         554   3.928893       15.43620    
         555   3.540424       12.53461    
         556   3.846954       14.79906    
         557   4.143928       17.17214    
         558   5.202427       27.06525    
         559   1.973919       3.896356    
         560   5.122315       26.23812    
         561   4.362587       19.03217    
         562   3.495881       12.22118    
         563   5.009416       25.09424    
         564   5.963325       35.56124    
         565   4.878765       23.80235    
         566   4.381596       19.19838    
         567   3.946034       15.57118    
         568   5.819043       33.86127    
         569   3.907120       15.26559    
         570   5.163271       26.65937    
         571   4.263716       18.17927    
         572   3.926424       15.41681    
         573   5.477368       30.00156    
         574   2.158144       4.657588    
         575   4.257394       18.12540    
         576   1.697018       2.879870    
         577   5.970484       35.64668    
         578   4.376297       19.15197    
         579   4.434813       19.66757    
         580   6.884867       47.40139    
         581   4.340093       18.83641    
         582   4.099185       16.80332    
         583   4.834178       23.36928    
         584   2.457910       6.041320    
         585   5.120831       26.22292    
         586   4.528477       20.50711    
         587   4.726594       22.34069    
         588   3.949470       15.59832    
         589   4.005937       16.04753    
         590   4.027930       16.22422    
         591   5.481632       30.04829    
         592   3.674498       13.50193    
         593   5.576384       31.09605    
         594   2.220068       4.928700    
         595   3.070669       9.429006    
         596   1.689138       2.853188    
         597   5.165958       26.68712    
         598   4.218935       17.79941    
         599   3.510485       12.32351    
         600   5.880984       34.58598    
         601   6.898048       47.58307    
         602   5.225323       27.30400    
         603   4.663407       21.74736    
         604   4.797163       23.01277    
         605   4.094331       16.76355    
         606   3.163821       10.00977    
         607   4.678481       21.88818    
         608   5.782226       33.43414    
         609   5.202816       27.06929    
         610   3.534608       12.49345    
         611   2.103612       4.425185    
         612   4.639495       21.52492    
         613   3.492124       12.19493    
         614   4.564960       20.83886    
         615   4.296972       18.46397    
         616   5.790700       33.53222    
         617   4.301203       18.50035    
         618   5.367589       28.81102    
         619   4.867792       23.69540    
         620   4.664891       21.76121    
         621   5.373879       28.87858    
         622   3.813522       14.54295    
         623   3.810043       14.51643    
         624   3.934784       15.48252    
         625   3.303433       10.91267    
         626   6.044698       36.53837    
         627   3.177355       10.09559    
         628   3.710929       13.77100    
         629   3.807355       14.49595    
         630   4.506425       20.30787    
         631   5.101488       26.02518    
         632   3.323281       11.04419    
         633   4.819235       23.22503    
         634   5.159292       26.61830    
         635   3.485893       12.15145    
         636   4.093572       16.75733    
         637   5.065550       25.65980    
         638   3.887045       15.10912    
         639   4.938692       24.39068    
         640   4.511326       20.35206    
         641   3.655714       13.36424    
         642   5.972071       35.66563    
         643   3.339593       11.15288    
         644   4.115209       16.93495    
         645   6.378587       40.68637    
         646   4.924243       24.24817    
         647   5.111747       26.12996    
         648   4.040703       16.32728    
         649   1.944811       3.782291    
         650   1.953485       3.816103    
         651   3.644786       13.28446    
         652   4.572434       20.90716    
         653   4.578515       20.96280    
         654   4.287553       18.38312    
         655   4.953349       24.53566    
         656   5.792560       33.55375    
         657   5.715333       32.66503    
         658   2.467354       6.087834    
         659   5.138699       26.40623    
         660   4.165076       17.34786    
         661   3.810976       14.52353    
         662   3.867770       14.95964    
         663   5.487140       30.10870    
         664   3.429862       11.76395    
         665   1.964110       3.857728    
         666   4.636146       21.49385    
         667   3.746693       14.03771    
         668   6.539466       42.76463    
         669   4.782669       22.87392    
         670   4.888162       23.89413    
         671   3.865653       14.94327    
         672   4.053366       16.42977    
         673   3.845474       14.78767    
         674   3.708302       13.75150    
         675   4.833734       23.36498    
         676   4.269034       18.22466    
         677   4.512806       20.36542    
         678   4.894227       23.95346    
         679   5.514581       30.41060    
         680   4.159668       17.30284    
         681   4.194458       17.59348    
         682   6.300674       39.69850    
         683   6.479477       41.98363    
         684   5.334118       28.45282    
         685   4.566138       20.84962    
         686   4.528118       20.50385    
         687   4.695400       22.04678    
         688   6.275622       39.38343    
         689   4.584735       21.01979    
         690   5.215314       27.19950    
         691   4.590461       21.07233    
         692   5.059798       25.60155    
         693   4.262510       18.16899    
         694   4.989807       24.89818    
         695   5.699066       32.47936    
         696   5.361088       28.74127    
         697   5.244277       27.50245    
         698   4.138371       17.12611    
         699   5.785207       33.46862    
         700   4.774912       22.79978    
         701   3.915925       15.33447    
         702   4.883030       23.84399    
         703   6.423118       41.25644    
         704   4.319540       18.65843    
         705   5.100755       26.01770    
         706   4.817071       23.20417    
         707   3.855334       14.86360    
         708   5.229434       27.34698    
         709   3.084285       9.512818    
         710   3.528568       12.45079    
         711   5.483865       30.07277    
         712   4.855035       23.57136    
         713   3.892291       15.14993    
         714   2.734061       7.475091    
         715   3.645137       13.28703    
         716   5.946994       35.36674    
         717   5.206396       27.10656    
         718   3.638490       13.23861    
         719   4.079009       16.63831    
         720   4.260401       18.15102    
         721   3.861805       14.91354    
         722   3.676945       13.51992    
         723   3.126285       9.773659    
         724   4.405620       19.40949    
         725   4.387191       19.24745    
         726   5.573661       31.06570    
         727   2.661118       7.081548    
         728   4.379694       19.18172    
         729   3.008190       9.049209    
         730   5.318144       28.28266    
         731   4.138012       17.12315    
         732   3.976043       15.80892    
         733   6.467201       41.82469    
         734   4.783444       22.88134    
         735   2.461111       6.057065    
         736   4.704949       22.13655    
         737   4.623182       21.37381    
         738   4.825672       23.28711    
         739   4.370709       19.10310    
         740   2.628080       6.906806    
         741   4.772485       22.77662    
         742   2.858326       8.170029    
         743   3.697366       13.67052    
         744   4.390099       19.27296    
         745   5.512305       30.38551    
         746   4.635707       21.48978    
         747   5.196620       27.00486    
         748   4.549891       20.70151    
         749   5.538720       30.67742    
         750   5.255452       27.61978    
         751   4.097559       16.78999    
         752   4.979493       24.79535    
         753   3.836903       14.72182    
         754   3.678862       13.53402    
         755   5.745940       33.01583    
         756   5.907490       34.89844    
         757   5.712378       32.63126    
         758   4.896631       23.97700    
         759   3.885356       15.09599    
         760   5.746722       33.02482    
         761   6.983435       48.76836    
         762   4.644374       21.57021    
         763   5.726139       32.78867    
         764   2.323893       5.400477    
         765   5.087160       25.87919    
         766   4.269739       18.23067    
         767   4.551606       20.71712    
         768   5.761081       33.19005    
         769   5.047632       25.47859    
         770   4.249469       18.05799    
         771   5.165057       26.67781    
         772   4.048692       16.39191    
         773   3.406198       11.60218    
         774   3.689688       13.61380    
         775   3.682082       13.55773    
         776   6.214877       38.62470    
         777   6.353982       40.37309    
         778   5.081257       25.81918    
         779   6.061591       36.74289    
         780   5.506993       30.32698    
         781   1.795323       3.223186    
         782   7.005674       49.07948    
         783   5.499707       30.24677    
         784   4.343440       18.86547    
         785   5.868915       34.44416    
         786   5.306090       28.15459    
         787   4.963035       24.63171    
         788   4.024080       16.19322    
         789   3.851593       14.83477    
         790   2.690311       7.237775    
         791   4.183035       17.49778    
         792   5.248560       27.54739    
         793   4.319489       18.65798    
         794   4.515642       20.39102    
         795   3.588289       12.87582    
         796   4.292333       18.42412    
         797   5.327414       28.38134    
         798   4.312679       18.59920    
         799   4.666065       21.77216    
         800   5.413548       29.30651    
         801   5.634919       31.75231    
         802   5.868900       34.44398    
         803   3.215847       10.34168    
         804   3.654122       13.35261    
         805   4.508431       20.32595    
         806   4.864699       23.66529    
         807   5.239141       27.44859    
         808   3.453515       11.92677    
         809   4.484022       20.10645    
         810   2.705213       7.318175    
         811   4.121558       16.98724    
         812   5.576031       31.09212    
         813   4.411998       19.46572    
         814   4.327736       18.72930    
         815   3.548278       12.59028    
         816   4.224429       17.84580    
         817   3.037111       9.224041    
         818   3.266822       10.67213    
         819   4.925805       24.26355    
         820   6.418321       41.19484    
         821   3.977635       15.82158    
         822   3.482991       12.13123    
         823   4.962568       24.62708    
         824   5.354353       28.66910    
         825   5.551198       30.81580    
         826   3.248152       10.55049    
         827   5.450681       29.70992    
         828   3.059593       9.361112    
         829   4.800244       23.04234    
         830   1.549177       2.399951    
         831   4.419192       19.52926    
         832   4.824246       23.27335    
         833   4.379407       19.17921    
         834   4.851766       23.53964    
         835   3.341439       11.16521    
         836   3.953856       15.63297    
         837   5.741438       32.96412    
         838   5.184177       26.87569    
         839   2.385034       5.688385    
         840   4.239006       17.96917    
         841   5.150912       26.53190    
         842   4.523404       20.46119    
         843   3.258645       10.61877    
         844   4.944528       24.44835    
         845   3.468635       12.03143    
         846   5.928164       35.14313    
         847   4.705412       22.14091    
         848   5.217025       27.21735    
         849   5.300871       28.09924    
         850   4.042360       16.34068    
         851   4.302161       18.50859    
         852   3.958453       15.66935    
         853   3.635256       13.21509    
         854   5.332530       28.43587    
         855   4.169738       17.38671    
         856   4.182171       17.49055    
         857   3.325633       11.05983    
         858   6.177876       38.16614    
         859   4.586404       21.03510    
         860   4.267445       18.21109    
         861   3.725128       13.87658    
         862   4.329644       18.74581    
         863   3.408298       11.61650    
         864   2.296831       5.275431    
         865   4.294804       18.44534    
         866   3.847532       14.80350    
         867   3.735357       13.95289    
         868   2.683950       7.203587    
         869   2.741482       7.515726    
         870   5.415146       29.32380    
         871   3.545273       12.56896    
         872   4.244218       18.01339    
         873   3.803011       14.46289    
         874   3.002283       9.013700    
         875   4.412646       19.47145    
         876   5.565334       30.97294    
         877   4.556799       20.76442    
         878   4.560162       20.79507    
         879   5.598619       31.34453    
         880   4.014607       16.11707    
         881   5.737604       32.92010    
         882   6.337662       40.16596    
         883   5.669580       32.14413    
         884   3.132435       9.812150    
         885   2.293116       5.258382    
         886   4.360060       19.01012    
         887   4.258537       18.13513    
         888   4.513981       20.37602    
         889   4.267573       18.21218    
         890   2.283775       5.215630    
         891   4.724563       22.32150    
         892   4.035741       16.28721    
         893   4.935479       24.35895    
         894   4.220460       17.81228    
         895   4.413969       19.48313    
         896   3.294905       10.85640    
         897   5.143639       26.45702    
         898   6.210193       38.56649    
         899   2.540357       6.453414    
         900   4.765617       22.71111    
         901   2.776964       7.711528    
         902   5.061978       25.62363    
         903   2.456675       6.035250    
         904   3.988143       15.90529    
         905   4.785427       22.90031    
         906   4.006214       16.04975    
         907   5.928319       35.14497    
         908   3.915468       15.33089    
         909   3.423101       11.71762    
         910   4.834350       23.37094    
         911   3.431591       11.77581    
         912   2.365012       5.593280    
         913   2.652577       7.036165    
         914   3.343341       11.17793    
         915   5.531934       30.60230    
         916   4.722973       22.30648    
         917   3.494440       12.21111    
         918   4.520078       20.43110    
         919   3.150741       9.927167    
         920   3.368505       11.34682    
         921   5.365208       28.78546    
         922   4.497749       20.22975    
         923   4.338990       18.82684    
         924   5.046245       25.46459    
         925   3.001552       9.009315    
         926   5.801785       33.66072    
         927   3.056791       9.343973    
         928   5.165141       26.67868    
         929   4.251087       18.07174    
         930   2.812553       7.910456    
         931   2.843612       8.086132    
         932   5.720646       32.72580    
         933   5.616759       31.54798    
         934   4.732261       22.39429    
         935   5.391052       29.06344    
         936   3.905605       15.25375    
         937   4.878077       23.79564    
         938   2.824287       7.976598    
         939   2.845089       8.094529    
         940   6.719809       45.15583    
         941   6.980925       48.73331    
         942   4.112751       16.91472    
         943   3.786359       14.33651    
         944   3.801486       14.45129    
         945   4.731303       22.38523    
         946   5.485925       30.09537    
         947   4.855319       23.57413    
         948   2.298878       5.284838    
         949   2.734105       7.475328    
         950   2.676511       7.163708    
         951   2.251675       5.070043    
         952   4.284055       18.35313    
         953   3.867828       14.96009    
         954   3.756644       14.11237    
         955   4.849200       23.51474    
         956   4.436466       19.68223    
         957   3.771835       14.22674    
         958   4.442008       19.73143    
         959   4.382148       19.20323    
         960   2.965235       8.792623    
         961   3.711640       13.77627    
         962   6.140304       37.70333    
         963   3.775815       14.25678    
         964   5.213726       27.18294    
         965   4.669959       21.80851    
         966   5.117702       26.19088    
         967   2.764654       7.643311    
         968   6.602545       43.59360    
         969   4.121359       16.98560    
         970   5.787232       33.49206    
         971   3.572764       12.76464    
         972   4.500616       20.25555    
         973   4.321931       18.67909    
         974   4.239664       17.97475    
         975   5.892476       34.72128    
         976   5.047879       25.48109    
         977   3.541757       12.54404    
         978   2.545787       6.481030    
         979   4.927616       24.28140    
         980   5.127655       26.29285    
         981   3.954953       15.64165    
         982   2.052870       4.214274    
         983   3.676604       13.51742    
         984   2.737454       7.493654    
         985   3.804217       14.47206    
         986   3.506058       12.29244    
         987   3.401598       11.57087    
         988   5.189962       26.93571    
         989   3.167863       10.03535    
         990   2.950146       8.703361    
         991   4.333856       18.78231    
         992   3.252217       10.57692    
         993   4.836545       23.39216    
         994   3.465870       12.01226    
         995   3.932508       15.46462    
         996   3.964653       15.71847    
         997   2.526932       6.385385    
         998   4.516355       20.39746    
         999   2.496582       6.232922    
        1000   4.243898       18.01067    
        1001   4.205549       17.68664    
        1002   3.754525       14.09646    
        1003   4.205395       17.68535    
        1004   3.959245       15.67563    
        1005   5.688729       32.36164    
        1006   4.827465       23.30442    
        1007   3.881396       15.06523    
        1008   3.317070       11.00295    
        1009   4.443295       19.74286    
        1010   4.975731       24.75790    
        1011   4.030645       16.24610    
        1012   5.117506       26.18887    
        1013   3.861849       14.91388    
        1014   5.068331       25.68798    
        1015   3.748215       14.04912    
        1016   3.998267       15.98614    
        1017   3.665935       13.43908    
        1018   3.106483       9.650236    
        1019   4.156513       17.27660    
        1020   4.697665       22.06805    
        1021   5.534368       30.62922    
        1022   5.886113       34.64633    
        1023   3.054957       9.332761    
        1024   3.517968       12.37610    
        1025   3.105141       9.641902    
        1026   5.214489       27.19090    
        1027   5.239670       27.45414    
        1028   1.819341       3.310000    
        1029   4.603227       21.18970    
        1030   4.982841       24.82870    
        1031   4.236922       17.95151    
        1032   5.714443       32.65485    
        1033   5.581956       31.15824    
        1034   4.748857       22.55164    
        1035   4.966769       24.66879    
        1036   4.224651       17.84768    
        1037   3.733177       13.93661    
        1038   4.589372       21.06234    
        1039   2.688306       7.226992    
        1040   5.395908       29.11582    
        1041   4.549661       20.69941    
        1042   3.027644       9.166627    
        1043   4.812375       23.15895    
        1044   2.987445       8.924827    
        1045   4.009805       16.07854    
        1046   3.040563       9.245022    
        1047   4.070117       16.56585    
        1048   6.495323       42.18922    
        1049   4.748760       22.55072    
        1050   3.285685       10.79573    
        1051   4.189170       17.54915    
        1052   4.949848       24.50099    
        1053   4.008133       16.06513    
        1054   3.203315       10.26122    
        1055   3.899330       15.20478    
        1056   3.099108       9.604474    
        1057   5.124835       26.26393    
        1058   3.149199       9.917452    
        1059   3.101123       9.616963    
        1060   4.673713       21.84360    
        1061   4.377604       19.16342    
        1062   5.429348       29.47781    
        1063   3.650002       13.32251    
        1064   4.550865       20.71037    
        1065   4.664185       21.75462    
        1066   6.654194       44.27830    
        1067   5.293054       28.01643    
        1068   2.971040       8.827076    
        1069   2.264639       5.128590    
        1070   4.492992       20.18698    
        1071   5.354671       28.67250    
        1072   3.638673       13.23994    
        1073   3.824737       14.62861    
        1074   5.373983       28.87970    
        1075   4.454476       19.84236    
        1076   2.899115       8.404870    
        1077   5.035292       25.35417    
        1078   4.159940       17.30510    
        1079   4.703382       22.12180    
        1080   6.110117       37.33353    
        1081   4.913475       24.14224    
        1082   3.280592       10.76228    
        1083   5.166775       26.69557    
        1084   4.561940       20.81130    
        1085   3.587417       12.86956    
        1086   4.315192       18.62088    
        1087   5.739274       32.93927    
        1088   5.763330       33.21597    
        1089   3.157196       9.967885    
        1090   3.477454       12.09269    
        1091   5.549519       30.79716    
        1092   3.002967       9.017811    
        1093   4.615051       21.29870    
        1094   3.380231       11.42596    
        1095   4.999659       24.99659    
        1096   5.236993       27.42610    
        1097   4.161644       17.31928    
        1098   3.632823       13.19740    
        1099   4.305616       18.53833    
        1100   5.276801       27.84463    
        1101   3.338570       11.14605    
        1102   4.933597       24.34037    
        1103   5.014991       25.15014    
        1104   4.406618       19.41828    
        1105   3.429164       11.75917    
        1106   3.087322       9.531558    
        1107   4.655217       21.67104    
        1108   3.778522       14.27723    
        1109   4.238482       17.96473    
        1110   2.161174       4.670675    
        1111   3.722702       13.85851    
        1112   4.478742       20.05913    
        1113   4.136227       17.10837    
        1114   4.056876       16.45824    
        1115   5.150159       26.52414    
        1116   2.995111       8.970690    
        1117   4.514864       20.38400    
        1118   4.193158       17.58257    
        1119   4.083254       16.67297    
        1120   4.150173       17.22393    
        1121   4.694437       22.03773    
        1122   3.849079       14.81541    
        1123   4.967077       24.67185    
        1124   4.943143       24.43467    
        1125   3.510495       12.32358    
        1126   4.726573       22.34049    
        1127   3.707026       13.74205    
        1128   4.734615       22.41658    
        1129   5.598903       31.34772    
        1130   2.942031       8.655544    
        1131   4.958937       24.59106    
        1132   5.233280       27.38722    
        1133   3.985016       15.88035    
        1134   3.036487       9.220251    
        1135   2.371660       5.624773    
        1136   4.770278       22.75555    
        1137   4.479085       20.06220    
        1138   2.521375       6.357332    
        1139   4.051781       16.41693    
        1140   2.685245       7.210543    
        1141   5.640176       31.81159    
        1142   5.253391       27.59812    
        1143   5.250900       27.57196    
        1144   3.737092       13.96586    
        1145   3.619681       13.10209    
        1146   3.173367       10.07026    
        1147   5.884332       34.62537    
        1148   3.498605       12.24023    
        1149   5.856325       34.29654    
        1150   3.984255       15.87428    
        1151   4.471546       19.99472    
        1152   4.550555       20.70755    
        1153   5.640072       31.81042    
        1154   4.308380       18.56214    
        1155   5.833366       34.02816    
        1156   4.783450       22.88140    
        1157   5.676989       32.22820    
        1158   4.317810       18.64348    
        1159   3.300824       10.89544    
        1160   1.892188       3.580374    
        1161   2.543223       6.467985    
        1162   4.833111       23.35896    
        1163   4.374819       19.13905    
        1164   4.502168       20.26952    
        1165   2.544274       6.473331    
        1166   2.970078       8.821363    
        1167   6.077470       36.93564    
        1168   4.933781       24.34220    
        1169   5.007408       25.07413    
        1170   5.777181       33.37581    
        1171   3.316302       10.99786    
        1172   6.358298       40.42796    
        1173   4.328661       18.73731    
        1174   4.896995       23.98056    
        1175   4.399147       19.35249    
        1176   4.237038       17.95249    
        1177   3.301414       10.89933    
        1178   7.759198       60.20515    
        1179   4.804076       23.07915    
        1180   3.229711       10.43104    
        1181   4.168961       17.38023    
        1182   6.412929       41.12565    
        1183   4.089499       16.72400    
        1184   4.527617       20.49932    
        1185   3.184289       10.13970    
        1186   6.023893       36.28729    
        1187   4.500575       20.25517    
        1188   3.206887       10.28413    
        1189   4.010157       16.08136    
        1190   3.267342       10.67552    
        1191   5.417515       29.34946    
        1192   4.802291       23.06200    
        1193   4.404264       19.39754    
        1194   4.407902       19.42960    
        1195   6.236725       38.89674    
        1196   3.997948       15.98359    
        1197   3.510411       12.32298    
        1198   3.984602       15.87705    
        1199   4.546542       20.67105    
        1200   5.063994       25.64404    
        1201   4.587667       21.04669    
        1202   3.847786       14.80546    
        1203   5.511799       30.37993    
        1204   4.438510       19.70038    
        1205   4.550373       20.70589    
        1206   3.225935       10.40666    
        1207   2.926553       8.564713    
        1208   4.401745       19.37536    
        1209   2.625856       6.895121    
        1210   6.395766       40.90582    
        1211   1.977273       3.909610    
        1212   5.807009       33.72135    
        1213   5.020275       25.20316    
        1214   5.876702       34.53563    
        1215   4.586781       21.03855    
        1216   3.307339       10.93849    
        1217   3.604078       12.98938    
        1218   3.381850       11.43691    
        1219   5.238303       27.43982    
        1220   5.161838       26.64458    
        1221   3.586331       12.86177    
        1222   3.080876       9.491795    
        1223   5.036295       25.36427    
        1224   3.724868       13.87464    
        1225   2.371010       5.621686    
        1226   4.680600       21.90802    
        1227   4.316416       18.63144    
        1228   2.406640       5.791914    
        1229   4.310177       18.57763    
        1230   4.431849       19.64129    
        1231   5.629065       31.68637    
        1232   4.227190       17.86914    
        1233   3.715272       13.80325    
        1234   6.382989       40.74255    
        1235   2.562457       6.566185    
        1236   4.842574       23.45052    
        1237   3.809495       14.51226    
        1238   4.719308       22.27187    
        1239   3.907043       15.26499    
        1240   4.361027       19.01856    
        1241   3.995692       15.96555    
        1242   5.568416       31.00725    
        1243   4.286485       18.37395    
        1244   4.302963       18.51549    
        1245   5.145401       26.47515    
        1246   2.170476       4.710968    
        1247   4.007955       16.06371    
        1248   3.424406       11.72656    
        1249   3.175356       10.08289    
        1250   3.335042       11.12250    
        1251   3.459287       11.96667    
        1252   4.299978       18.48981    
        1253   3.055758       9.337660    
        1254   4.351643       18.93680    
        1255   5.880002       34.57442    
        1256   2.889412       8.348701    
        1257   3.883474       15.08137    
        1258   4.771092       22.76332    
        1259   4.814045       23.17503    
        1260   2.726915       7.436066    
        1261   5.133182       26.34956    
        1262   2.827500       7.994757    
        1263   4.558360       20.77864    
        1264   2.430677       5.908189    
        1265   4.147459       17.20141    
        1266   5.524621       30.52143    
        1267   4.481849       20.08697    
        1268   3.915406       15.33041    
        1269   3.266676       10.67117    
        1270   1.876394       3.520856    
        1271   3.889469       15.12797    
        1272   5.325386       28.35973    
        1273   3.305919       10.92910    
        1274   5.899721       34.80671    
        1275   4.134386       17.09315    
        1276   3.678919       13.53444    
        1277   3.031806       9.191851    
        1278   2.710244       7.345426    
        1279   6.702622       44.92515    
        1280   4.096702       16.78297    
        1281   5.696249       32.44725    
        1282   4.780774       22.85580    
        1283   5.234360       27.39852    
        1284   4.414590       19.48861    
        1285   5.628129       31.67583    
        1286   2.193591       4.811844    
        1287   2.490965       6.204907    
        1288   3.405333       11.59629    
        1289   3.842347       14.76363    
        1290   5.388605       29.03706    
        1291   5.510166       30.36193    
        1292   4.494136       20.19726    
        1293   4.355429       18.96976    
        1294   3.518657       12.38095    
        1295   3.878083       15.03953    
        1296   3.892113       15.14854    
        1297   4.444087       19.74991    
        1298   4.582501       20.99931    
        1299   4.616632       21.31328    
        1300   4.603249       21.18990    
        1301   4.149956       17.22213    
        1302   4.462312       19.91223    
        1303   3.431335       11.77406    
        1304   6.209541       38.55840    
        1305   4.149199       17.21586    
        1306   5.394664       29.10240    
        1307   3.228571       10.42367    
        1308   4.432637       19.64827    
        1309   2.447818       5.991810    
        1310   3.705613       13.73157    
        1311   4.290464       18.40808    
        1312   4.556733       20.76381    
        1313   3.217596       10.35292    
        1314   4.771805       22.77012    
        1315   2.501965       6.259829    
        1316   3.993109       15.94492    
        1317   1.241130       1.540404    
        1318   4.241873       17.99349    
        1319   3.528011       12.44686    
        1320   3.100846       9.615250    
        1321   3.350834       11.22809    
        1322   5.074396       25.74950    
        1323   3.496775       12.22743    
        1324   4.210485       17.72818    
        1325   7.561468       57.17580    
        1326   4.240670       17.98329    
        1327   1.783554       3.181064    
        1328   4.151895       17.23823    
        1329   3.148454       9.912766    
        1330   5.979017       35.74865    
        1331   4.587063       21.04115    
        1332   6.188516       38.29773    
        1333   3.888112       15.11742    
        1334   5.419520       29.37119    
        1335   5.742355       32.97464    
        1336   4.081194       16.65615    
        1337   5.804407       33.69114    
        1338   4.939003       24.39375    
        1339   2.771113       7.679066    
        1340   4.430968       19.63348    
        1341   4.364688       19.05050    
        1342   3.471526       12.05150    
        1343   5.516765       30.43470    
        1344   4.991656       24.91663    
        1345   5.558344       30.89519    
        1346   4.633205       21.46659    
        1347   4.770155       22.75438    
        1348   6.177359       38.15976    
        1349   2.335604       5.455046    
        1350   5.528211       30.56112    
        1351   5.263878       27.70842    
        1352   4.200164       17.64138    
        1353   5.027502       25.27578    
        1354   5.341464       28.53124    
        1355   3.569874       12.74400    
        1356   5.678083       32.24063    
        1357   4.856124       23.58194    
        1358   5.876890       34.53784    
        1359   3.705935       13.73395    
        1360   5.519823       30.46844    
        1361   4.302888       18.51485    
        1362   3.383381       11.44726    
        1363   5.103921       26.05001    
        1364   5.293839       28.02474    
        1365   6.558593       43.01514    
        1366   5.187711       26.91234    
        1367   4.862186       23.64086    
        1368   6.379599       40.69928    
        1369   4.835269       23.37983    
        1370   5.884766       34.63048    
        1371   3.524978       12.42547    
        1372   3.548617       12.59268    
        1373   4.860740       23.62679    
        1374   4.074502       16.60157    
        1375   5.320902       28.31200    
        1376   3.259316       10.62314    
        1377   4.176003       17.43900    
        1378   5.537459       30.66346    
        1379   4.429929       19.62428    
        1380   3.424504       11.72723    
        1381   4.876404       23.77931    
        1382   3.814935       14.55373    
        1383   4.240527       17.98207    
        1384   4.813667       23.17139    
        1385   4.860212       23.62166    
        1386   5.135273       26.37103    
        1387   2.855419       8.153419    
        1388   5.074835       25.75395    
        1389   3.798004       14.42483    
        1390   4.233141       17.91948    
        1391   4.723337       22.30992    
        1392   2.310161       5.336846    
        1393   5.298930       28.07866    
        1394   4.634432       21.47796    
        1395   3.691850       13.62976    
        1396   5.056382       25.56700    
        1397   4.517291       20.40592    
        1398   3.746377       14.03534    
        1399   5.448012       29.68084    
        1400   2.027555       4.110980    
        1401   3.371748       11.36869    
        1402   4.351156       18.93256    
        1403   4.847644       23.49965    
        1404   4.965330       24.65450    
        1405   4.377544       19.16290    
        1406   1.405503       1.975438    
        1407   2.843668       8.086449    
        1408   5.594582       31.29934    
        1409   3.487720       12.16419    
        1410   5.649844       31.92073    
        1411   2.994787       8.968751    
        1412   3.207273       10.28660    
        1413   4.939783       24.40145    
        1414   5.000878       25.00878    
        1415   6.225879       38.76157    
        1416   5.981074       35.77325    
        1417   3.067642       9.410426    
        1418   4.454219       19.84007    
        1419   4.949785       24.50037    
        1420   5.425544       29.43653    
        1421   2.562973       6.568832    
        1422   5.563579       30.95341    
        1423   3.902107       15.22644    
        1424   4.257813       18.12897    
        1425   3.136352       9.836702    
        1426   3.442901       11.85356    
        1427   4.992076       24.92082    
        1428   3.103362       9.630857    
        1429   5.908888       34.91496    
        1430   3.746562       14.03673    
        1431   2.458832       6.045856    
        1432   4.733342       22.40452    
        1433   6.061795       36.74536    
        1434   6.069515       36.83902    
        1435   4.296182       18.45718    
        1436   5.743556       32.98845    
        1437   3.765168       14.17649    
        1438   3.939350       15.51848    
        1439   5.045138       25.45342    
        1440   2.458778       6.045588    
        1441   4.226997       17.86750    
        1442   5.908981       34.91606    
        1443   3.266295       10.66868    
        1444   5.077094       25.77689    
        1445   4.464148       19.92862    
        1446   4.800303       23.04291    
        1447   3.744222       14.01920    
        1448   6.501302       42.26694    
        1449   7.338178       53.84887    
        1450   4.011884       16.09521    
        1451   4.491921       20.17736    
        1452   3.965877       15.72818    
        1453   6.040226       36.48433    
        1454   5.110288       26.11504    
        1455   5.419956       29.37593    
        1456   5.689508       32.37050    
        1457   6.748096       45.53679    
        1458   5.132298       26.34048    
        1459   4.700149       22.09140    
        1460   3.418062       11.68315    
        1461   4.037158       16.29865    
        1462   6.356825       40.40922    
        1463   2.650794       7.026710    
        1464   4.788799       22.93260    
        1465   4.081542       16.65898    
        1466   4.222908       17.83296    
        1467   4.285995       18.36975    
        1468   3.472863       12.06078    
        1469   3.978687       15.82995    
        1470   7.915931       62.66196    
        1471   5.565580       30.97569    
        1472   3.780648       14.29329    
        1473   3.899570       15.20665    
        1474   5.699868       32.48850    
        1475   7.005516       49.07725    
        1476   5.274526       27.82063    
        1477   5.078943       25.79566    
        1478   4.168964       17.38027    
        1479   4.944261       24.44571    
        1480   4.914339       24.15073    
        1481   4.336007       18.80096    
        1482   5.099867       26.00864    
        1483   3.079151       9.481170    
        1484   2.941475       8.652277    
        1485   4.840512       23.43055    
        1486   6.087472       37.05732    
        1487   2.958203       8.750965    
        1488   5.594296       31.29614    
        1489   3.015490       9.093182    
        1490   3.063743       9.386523    
        1491   3.868525       14.96549    
        1492   5.526098       30.53776    
        1493   5.536849       30.65670    
        1494   6.106573       37.29023    
        1495   4.135958       17.10614    
        1496   4.809112       23.12756    
        1497   3.733831       13.94150    
        1498   4.854085       23.56215    
        1499   6.154075       37.87263    
        1500   4.266162       18.20014    
