           1   4.048034       16.38658    
           2   3.097844       9.596638    
           3   5.100870       26.01887    
           4   4.960012       24.60172    
           5   3.805058       14.47846    
           6   4.687305       21.97083    
           7   6.401610       40.98061    
           8   3.949788       15.60083    
           9   5.557836       30.88953    
          10   5.231964       27.37344    
          11   5.617021       31.55092    
          12   3.095259       9.580631    
          13   6.415367       41.15694    
          14   5.684688       32.31567    
          15   3.262913       10.64660    
          16   5.784472       33.46011    
          17   4.350224       18.92445    
          18   3.677263       13.52227    
          19   5.172468       26.75443    
          20   5.470921       29.93098    
          21   3.675634       13.51028    
          22   4.462216       19.91137    
          23   4.897529       23.98579    
          24   3.098386       9.599999    
          25   4.652067       21.64173    
          26   5.259856       27.66609    
          27   3.996384       15.97109    
          28   3.750142       14.06357    
          29   4.560931       20.80209    
          30   3.018662       9.112323    
          31   3.556733       12.65035    
          32   3.149297       9.918069    
          33   3.986889       15.89528    
          34   3.696192       13.66184    
          35   3.138446       9.849845    
          36   4.742219       22.48865    
          37   5.151584       26.53882    
          38   5.646947       31.88802    
          39   4.323648       18.69394    
          40   3.073832       9.448445    
          41   3.333375       11.11139    
          42   4.912518       24.13283    
          43   3.666085       13.44018    
          44   4.605045       21.20644    
          45   5.208138       27.12470    
          46   3.722315       13.85563    
          47   3.564578       12.70622    
          48   3.411537       11.63859    
          49   4.641405       21.54264    
          50   5.951742       35.42323    
          51   5.487324       30.11073    
          52   5.304236       28.13492    
          53   5.799429       33.63339    
          54   5.952250       35.42928    
          55   4.374313       19.13462    
          56   2.926075       8.561913    
          57   3.039926       9.241151    
          58   5.551233       30.81618    
          59   6.749950       45.56182    
          60   5.141657       26.43664    
          61   2.436767       5.937835    
          62   2.226115       4.955590    
          63   4.042549       16.34220    
          64   2.796142       7.818408    
          65   4.433609       19.65689    
          66   4.258870       18.13798    
          67   5.522628       30.49943    
          68   5.490159       30.14185    
          69   4.099515       16.80602    
          70   4.055787       16.44941    
          71   5.085943       25.86682    
          72   5.376989       28.91201    
          73   3.881227       15.06392    
          74   2.955887       8.737267    
          75   3.951188       15.61189    
          76   5.314456       28.24345    
          77   5.057743       25.58076    
          78   5.334651       28.45850    
          79   3.310905       10.96209    
          80   3.354162       11.25040    
          81   4.128377       17.04350    
          82   5.389500       29.04671    
          83   5.562843       30.94523    
          84   5.999346       35.99215    
          85   4.610151       21.25350    
          86   2.741988       7.518497    
          87   3.491332       12.18939    
          88   5.729325       32.82517    
          89   3.228499       10.42320    
          90   5.103107       26.04170    
          91   3.801381       14.45049    
          92   3.690146       13.61718    
          93   6.120362       37.45883    
          94   4.367127       19.07180    
          95   4.407031       19.42192    
          96   5.120651       26.22107    
          97   5.444581       29.64346    
          98   5.897190       34.77685    
          99   5.595366       31.30812    
         100   4.948001       24.48272    
         101   4.164357       17.34187    
         102   4.449466       19.79775    
         103   4.711537       22.19858    
         104   5.633208       31.73303    
         105   5.731747       32.85292    
         106   3.835455       14.71072    
         107   3.411458       11.63805    
         108   5.326993       28.37685    
         109   3.089416       9.544493    
         110   5.578580       31.12056    
         111   4.946616       24.46901    
         112   5.288919       27.97267    
         113   4.076632       16.61893    
         114   4.113069       16.91733    
         115   4.172065       17.40612    
         116   3.108649       9.663698    
         117   3.930952       15.45238    
         118   3.859035       14.89215    
         119   3.769466       14.20888    
         120   4.433297       19.65412    
         121   5.656807       31.99947    
         122   5.518575       30.45467    
         123   4.082882       16.66993    
         124   6.533187       42.68253    
         125   3.992456       15.93970    
         126   3.288532       10.81445    
         127   2.378982       5.659555    
         128   4.535253       20.56852    
         129   4.906484       24.07358    
         130   3.266725       10.67149    
         131   3.845370       14.78687    
         132   6.193518       38.35966    
         133   3.437947       11.81948    
         134   4.114399       16.92828    
         135   4.163707       17.33645    
         136   5.446834       29.66800    
         137   4.399157       19.35258    
         138   4.644839       21.57453    
         139   4.696935       22.06120    
         140   4.279931       18.31781    
         141   4.761445       22.67136    
         142   4.904841       24.05747    
         143   5.544560       30.74215    
         144   5.359506       28.72430    
         145   4.399795       19.35819    
         146   3.577304       12.79711    
         147   5.236800       27.42407    
         148   4.469952       19.98047    
         149   3.874405       15.01102    
         150   5.448277       29.68373    
         151   4.912690       24.13452    
         152   3.949354       15.59740    
         153   3.755871       14.10657    
         154   2.130268       4.538041    
         155   3.268284       10.68168    
         156   3.949157       15.59585    
         157   4.630787       21.44419    
         158   3.092966       9.566436    
         159   4.140538       17.14406    
         160   4.851616       23.53818    
         161   4.714489       22.22641    
         162   2.007303       4.029265    
         163   3.144199       9.885988    
         164   2.772569       7.687140    
         165   6.126296       37.53151    
         166   4.334723       18.78983    
         167   6.295516       39.63353    
         168   4.003614       16.02893    
         169   2.930890       8.590115    
         170   3.812799       14.53744    
         171   4.317273       18.63884    
         172   4.034278       16.27541    
         173   3.471016       12.04795    
         174   7.048063       49.67519    
         175   3.782580       14.30791    
         176   3.400207       11.56141    
         177   5.554490       30.85235    
         178   5.055516       25.55824    
         179   5.221286       27.26183    
         180   3.596672       12.93605    
         181   4.212566       17.74571    
         182   5.331109       28.42072    
         183   2.829820       8.007880    
         184   3.171378       10.05764    
         185   5.641216       31.82332    
         186   4.333887       18.78257    
         187   3.119315       9.730126    
         188   2.571372       6.611956    
         189   5.021936       25.21984    
         190   4.562223       20.81388    
         191   5.086458       25.87206    
         192   4.363726       19.04210    
         193   3.552994       12.62376    
         194   4.181930       17.48854    
         195   4.058456       16.47107    
         196   4.195922       17.60576    
         197   4.581924       20.99403    
         198   5.379441       28.93839    
         199   3.755307       14.10233    
         200   5.567602       30.99819    
         201   3.361822       11.30184    
         202   2.622242       6.876154    
         203   4.460231       19.89366    
         204   4.747622       22.53991    
         205   3.952234       15.62016    
         206   4.578000       20.95808    
         207   3.961091       15.69025    
         208   4.978098       24.78147    
         209   5.565887       30.97911    
         210   5.104103       26.05186    
         211   4.453102       19.83012    
         212   4.203017       17.66535    
         213   5.411375       29.28298    
         214   4.729778       22.37080    
         215   5.851594       34.24115    
         216   2.617251       6.850005    
         217   1.729246       2.990292    
         218   2.435617       5.932233    
         219   5.494616       30.19081    
         220   3.550373       12.60515    
         221   5.390303       29.05537    
         222   4.008249       16.06606    
         223   4.886714       23.87998    
         224   5.238709       27.44408    
         225   4.898477       23.99508    
         226   6.220792       38.69825    
         227   6.960894       48.45404    
         228   2.687036       7.220165    
         229   5.867010       34.42181    
         230   5.705534       32.55311    
         231   1.853039       3.433753    
         232   4.999358       24.99358    
         233   5.503763       30.29140    
         234   4.487894       20.14119    
         235   4.885760       23.87066    
         236   4.265103       18.19110    
         237   5.242772       27.48665    
         238   3.706887       13.74101    
         239   2.515344       6.326958    
         240   5.463448       29.84926    
         241   4.178983       17.46390    
         242   4.046041       16.37045    
         243   5.139531       26.41478    
         244   4.547859       20.68302    
         245   3.070015       9.424992    
         246   4.443846       19.74776    
         247   4.626626       21.40567    
         248   5.135428       26.37263    
         249   3.706690       13.73955    
         250   4.845597       23.47981    
         251   5.483294       30.06651    
         252   5.326779       28.37458    
         253   6.171963       38.09313    
         254   4.685099       21.95016    
         255   4.101830       16.82501    
         256   4.920006       24.20646    
         257   8.006686       64.10702    
         258   4.216791       17.78133    
         259   5.607294       31.44175    
         260   3.571857       12.75817    
         261   4.555287       20.75064    
         262   6.175974       38.14266    
         263   4.082909       16.67015    
         264   4.920060       24.20699    
         265   4.317489       18.64071    
         266   3.057277       9.346946    
         267   6.323477       39.98636    
         268   4.827772       23.30738    
         269   4.690145       21.99745    
         270   4.051192       16.41215    
         271   3.544039       12.56021    
         272   2.426696       5.888852    
         273   2.347189       5.509297    
         274   3.322962       11.04208    
         275   5.339721       28.51262    
         276   4.579286       20.96986    
         277   5.198889       27.02845    
         278   4.615729       21.30495    
         279   3.657291       13.37578    
         280   4.333736       18.78127    
         281   3.636158       13.22165    
         282   4.613678       21.28602    
         283   5.432919       29.51661    
         284   4.354614       18.96266    
         285   5.382052       28.96648    
         286   3.479284       12.10542    
         287   4.397407       19.33718    
         288   2.678743       7.175665    
         289   6.138455       37.68063    
         290   4.246107       18.02942    
         291   3.126599       9.775621    
         292   2.637599       6.956926    
         293   6.453270       41.64469    
         294   3.242181       10.51174    
         295   3.895388       15.17405    
         296   4.072345       16.58400    
         297   4.011409       16.09140    
         298   4.558204       20.77723    
         299   4.980377       24.80416    
         300   4.459543       19.88753    
         301   5.432429       29.51129    
         302   3.775178       14.25197    
         303   3.465617       12.01050    
         304   5.025905       25.25971    
         305   3.759689       14.13526    
         306   4.600306       21.16281    
         307   5.936460       35.24155    
         308   3.712941       13.78593    
         309   3.676179       13.51429    
         310   3.855579       14.86549    
         311   6.075542       36.91221    
         312   4.920293       24.20928    
         313   3.341455       11.16532    
         314   5.527134       30.54922    
         315   2.159229       4.662270    
         316   4.630940       21.44560    
         317   5.248302       27.54468    
         318   6.423308       41.25888    
         319   5.648267       31.90292    
         320   4.518258       20.41466    
         321   5.524823       30.52367    
         322   6.617654       43.79334    
         323   4.797463       23.01565    
         324   4.650838       21.63029    
         325   5.577416       31.10758    
         326   3.265592       10.66409    
         327   3.136652       9.838591    
         328   4.431568       19.63879    
         329   4.306579       18.54662    
         330   3.083462       9.507735    
         331   4.208994       17.71563    
         332   3.895789       15.17717    
         333   4.185482       17.51826    
         334   6.355376       40.39081    
         335   3.919194       15.36008    
         336   2.945535       8.676180    
         337   4.481479       20.08366    
         338   4.686325       21.96164    
         339   3.480338       12.11275    
         340   3.153923       9.947230    
         341   4.802733       23.06624    
         342   5.555892       30.86793    
         343   3.774225       14.24477    
         344   3.154630       9.951690    
         345   5.578604       31.12082    
         346   3.696526       13.66430    
         347   4.292019       18.42143    
         348   5.798939       33.62769    
         349   2.308311       5.328302    
         350   3.862016       14.91517    
         351   5.272870       27.80316    
         352   4.842446       23.44929    
         353   5.206159       27.10410    
         354   6.815593       46.45230    
         355   6.195257       38.38121    
         356   6.843031       46.82707    
         357   2.084463       4.344985    
         358   5.392246       29.07631    
         359   3.688037       13.60162    
         360   6.009508       36.11419    
         361   3.245201       10.53133    
         362   5.516071       30.42704    
         363   5.140136       26.42100    
         364   5.551328       30.81724    
         365   4.815174       23.18590    
         366   3.388465       11.48170    
         367   5.818504       33.85499    
         368   2.707355       7.329772    
         369   3.975433       15.80407    
         370   4.196764       17.61283    
         371   3.472662       12.05938    
         372   2.879714       8.292755    
         373   4.907558       24.08413    
         374   2.254871       5.084443    
         375   2.698082       7.279646    
         376   5.147675       26.49856    
         377   3.694345       13.64819    
         378   3.532501       12.47856    
         379   6.538333       42.74981    
         380   4.158086       17.28968    
         381   4.644480       21.57119    
         382   4.043610       16.35078    
         383   7.387060       54.56866    
         384   5.302698       28.11861    
         385   4.578099       20.95899    
         386   2.875539       8.268724    
         387   2.602717       6.774136    
         388   4.989515       24.89526    
         389   4.108266       16.87785    
         390   3.795173       14.40334    
         391   6.002302       36.02763    
         392   2.370469       5.619121    
         393   5.889578       34.68713    
         394   3.867954       14.96107    
         395   4.322401       18.68315    
         396   3.834360       14.70232    
         397   5.419837       29.37463    
         398   6.452083       41.62937    
         399   4.644440       21.57083    
         400   5.155626       26.58048    
         401   2.261866       5.116036    
         402   5.107143       26.08291    
         403   4.916174       24.16877    
         404   3.560330       12.67595    
         405   4.297800       18.47108    
         406   3.023209       9.139792    
         407   4.990643       24.90652    
         408   5.375897       28.90027    
         409   4.020433       16.16388    
         410   5.172758       26.75742    
         411   5.958068       35.49858    
         412   4.222738       17.83152    
         413   4.748141       22.54485    
         414   4.548059       20.68484    
         415   3.964605       15.71809    
         416   4.487905       20.14129    
         417   3.634956       13.21291    
         418   4.202125       17.65785    
         419   6.300892       39.70124    
         420   4.791443       22.95792    
         421   2.663017       7.091658    
         422   4.096567       16.78186    
         423   3.175555       10.08415    
         424   6.848673       46.90433    
         425   2.567792       6.593557    
         426   3.544497       12.56346    
         427   3.923867       15.39674    
         428   2.458399       6.043723    
         429   4.667271       21.78342    
         430   4.003974       16.03181    
         431   3.114069       9.697423    
         432   5.878417       34.55579    
         433   5.445044       29.64851    
         434   4.840262       23.42814    
         435   4.053604       16.43171    
         436   6.491410       42.13840    
         437   2.360695       5.572882    
         438   4.226000       17.85908    
         439   4.194624       17.59487    
         440   4.956893       24.57079    
         441   4.735669       22.42656    
         442   4.334237       18.78561    
         443   2.695181       7.263999    
         444   7.317125       53.54032    
         445   2.945585       8.676475    
         446   4.304523       18.52891    
         447   5.474021       29.96490    
         448   5.770262       33.29593    
         449   4.333982       18.78340    
         450   6.278130       39.41492    
         451   3.397054       11.53998    
         452   3.691815       13.62950    
         453   5.094402       25.95293    
         454   2.709963       7.343901    
         455   3.900862       15.21672    
         456   4.813130       23.16622    
         457   7.281824       53.02496    
         458   3.971984       15.77666    
         459   3.694582       13.64994    
         460   1.932675       3.735234    
         461   3.428877       11.75720    
         462   3.542212       12.54727    
         463   4.198056       17.62367    
         464   4.310138       18.57729    
         465   4.737546       22.44435    
         466   4.986599       24.86617    
         467   2.876870       8.276382    
         468   4.531382       20.53343    
         469   3.991641       15.93320    
         470   4.627424       21.41305    
         471   5.714262       32.65280    
         472   4.166574       17.36034    
         473   5.595936       31.31450    
         474   3.874423       15.01116    
         475   5.725317       32.77926    
         476   5.587489       31.22004    
         477   3.962362       15.70031    
         478   5.454999       29.75702    
         479   4.437752       19.69364    
         480   5.543021       30.72508    
         481   4.595714       21.12059    
         482   4.333438       18.77868    
         483   5.748809       33.04881    
         484   5.275604       27.83200    
         485   6.554710       42.96422    
         486   3.727963       13.89771    
         487   4.685506       21.95397    
         488   4.210230       17.72604    
         489   4.464548       19.93218    
         490   2.946880       8.684100    
         491   4.224833       17.84921    
         492   3.530516       12.46454    
         493   5.340913       28.52536    
         494   2.566458       6.586704    
         495   2.338376       5.468002    
         496   3.992926       15.94345    
         497   3.906646       15.26188    
         498   3.393186       11.51371    
         499   5.461911       29.83247    
         500   3.653626       13.34899    
         501   3.714045       13.79413    
         502   3.792085       14.37991    
         503   4.455848       19.85459    
         504   3.990208       15.92176    
         505   4.098986       16.80169    
         506   5.317760       28.27858    
         507   4.664294       21.75564    
         508   6.918163       47.86098    
         509   6.016406       36.19714    
         510   4.902916       24.03859    
         511   5.471540       29.93775    
         512   4.378287       19.16940    
         513   5.739960       32.94714    
         514   6.016651       36.20009    
         515   3.980995       15.84832    
         516   4.278780       18.30795    
         517   5.614929       31.52743    
         518   2.827601       7.995325    
         519   4.552446       20.72477    
         520   3.995416       15.96335    
         521   3.981220       15.85011    
         522   3.542588       12.54993    
         523   3.826475       14.64191    
         524   3.713207       13.78791    
         525   5.354280       28.66831    
         526   2.421910       5.865645    
         527   3.419636       11.69391    
         528   4.646548       21.59041    
         529   5.491076       30.15191    
         530   3.995212       15.96172    
         531   3.962228       15.69925    
         532   6.145105       37.76232    
         533   4.381573       19.19818    
         534   5.606797       31.43617    
         535   5.092499       25.93354    
         536   5.083503       25.84200    
         537   5.884385       34.62598    
         538   4.234672       17.93244    
         539   4.975895       24.75953    
         540   5.291593       28.00095    
         541   3.707966       13.74901    
         542   6.004352       36.05225    
         543   3.875002       15.01564    
         544   3.042782       9.258520    
         545   3.985246       15.88218    
         546   5.019172       25.19209    
         547   4.586526       21.03622    
         548   4.684960       21.94885    
         549   3.667688       13.45194    
         550   4.439686       19.71082    
         551   3.590997       12.89526    
         552   4.489680       20.15722    
         553   4.772624       22.77795    
         554   5.086929       25.87685    
         555   3.766595       14.18724    
         556   5.525863       30.53516    
         557   3.597731       12.94366    
         558   4.538257       20.59578    
         559   4.457985       19.87363    
         560   5.370615       28.84351    
         561   3.856978       14.87628    
         562   3.256262       10.60324    
         563   4.647279       21.59721    
         564   4.896245       23.97321    
         565   3.322060       11.03608    
         566   5.222519       27.27470    
         567   4.683707       21.93711    
         568   5.575741       31.08889    
         569   5.054931       25.55233    
         570   5.360271       28.73251    
         571   4.169862       17.38775    
         572   3.891632       15.14480    
         573   5.421367       29.39123    
         574   4.278687       18.30716    
         575   5.739952       32.94704    
         576   4.992869       24.92874    
         577   5.084956       25.85678    
         578   3.806066       14.48614    
         579   3.910610       15.29287    
         580   5.137388       26.39276    
         581   5.946338       35.35893    
         582   4.829910       23.32803    
         583   3.277145       10.73968    
         584   2.883611       8.315212    
         585   3.799184       14.43379    
         586   3.177982       10.09957    
         587   2.412105       5.818253    
         588   5.443922       29.63628    
         589   4.391690       19.28694    
         590   4.027622       16.22174    
         591   5.002588       25.02589    
         592   3.971898       15.77598    
         593   2.096280       4.394391    
         594   4.349000       18.91380    
         595   4.188030       17.53960    
         596   2.009900       4.039696    
         597   5.108947       26.10134    
         598   2.625036       6.890811    
         599   5.579272       31.12828    
         600   2.663666       7.095116    
         601   5.965941       35.59245    
         602   5.083905       25.84609    
         603   4.632957       21.46429    
         604   4.187431       17.53458    
         605   2.506344       6.281759    
         606   3.917755       15.34880    
         607   3.977276       15.81873    
         608   3.525344       12.42805    
         609   4.061404       16.49500    
         610   1.214232       1.474359    
         611   3.460624       11.97592    
         612   4.171131       17.39833    
         613   5.765025       33.23551    
         614   3.514167       12.34937    
         615   5.133305       26.35082    
         616   4.102378       16.82951    
         617   4.258209       18.13235    
         618   3.681843       13.55597    
         619   3.246189       10.53774    
         620   5.085044       25.85767    
         621   4.568482       20.87103    
         622   5.551692       30.82128    
         623   4.735916       22.42890    
         624   2.371079       5.622017    
         625   4.617149       21.31807    
         626   4.754091       22.60139    
         627   1.848274       3.416118    
         628   4.238035       17.96094    
         629   4.882022       23.83414    
         630   4.030210       16.24259    
         631   5.441880       29.61406    
         632   4.135492       17.10230    
         633   2.927320       8.569203    
         634   3.358387       11.27877    
         635   3.291917       10.83672    
         636   6.271352       39.32986    
         637   2.730086       7.453372    
         638   4.895220       23.96317    
         639   3.684548       13.57589    
         640   5.157807       26.60297    
         641   3.664773       13.43057    
         642   5.079788       25.80425    
         643   5.507771       30.33554    
         644   4.030012       16.24100    
         645   6.376026       40.65371    
         646   4.827273       23.30256    
         647   4.820547       23.23767    
         648   5.967254       35.60812    
         649   3.289797       10.82276    
         650   2.202780       4.852239    
         651   6.281250       39.45410    
         652   2.431330       5.911368    
         653   5.437933       29.57112    
         654   5.680011       32.26252    
         655   4.409400       19.44281    
         656   6.321606       39.96270    
         657   3.556154       12.64623    
         658   3.796651       14.41456    
         659   4.743404       22.49988    
         660   6.137624       37.67043    
         661   5.398735       29.14633    
         662   3.986310       15.89067    
         663   5.261551       27.68392    
         664   2.977336       8.864532    
         665   3.097400       9.593886    
         666   4.904219       24.05136    
         667   3.260052       10.62794    
         668   4.661660       21.73108    
         669   5.872458       34.48577    
         670   5.072086       25.72606    
         671   5.338274       28.49717    
         672   2.408946       5.803020    
         673   6.791850       46.12923    
         674   4.665535       21.76722    
         675   6.020913       36.25140    
         676   5.150349       26.52610    
         677   5.014373       25.14394    
         678   5.694982       32.43282    
         679   4.047459       16.38192    
         680   4.395678       19.32199    
         681   4.370723       19.10322    
         682   6.023290       36.28002    
         683   6.361473       40.46835    
         684   3.718418       13.82663    
         685   2.324065       5.401281    
         686   3.674621       13.50284    
         687   4.068832       16.55540    
         688   5.195587       26.99413    
         689   3.717749       13.82166    
         690   4.174760       17.42862    
         691   1.872884       3.507693    
         692   5.197248       27.01139    
         693   3.099989       9.609933    
         694   3.100626       9.613880    
         695   5.257010       27.63616    
         696   4.451163       19.81285    
         697   4.042290       16.34011    
         698   3.320695       11.02702    
         699   4.386015       19.23713    
         700   4.031075       16.24957    
         701   3.426735       11.74252    
         702   4.001543       16.01235    
         703   3.546322       12.57640    
         704   2.528063       6.391104    
         705   4.166113       17.35650    
         706   5.560653       30.92086    
         707   4.991795       24.91802    
         708   3.376712       11.40218    
         709   6.052722       36.63545    
         710   2.826697       7.990214    
         711   5.466793       29.88583    
         712   6.346012       40.27186    
         713   3.446725       11.87991    
         714   4.087492       16.70760    
         715   2.441862       5.962688    
         716   4.377837       19.16546    
         717   4.305301       18.53562    
         718   5.160550       26.63127    
         719   5.524597       30.52117    
         720   3.073816       9.448343    
         721   5.850310       34.22614    
         722   5.873172       34.49416    
         723   2.065772       4.267416    
         724   2.861151       8.186185    
         725   5.278928       27.86708    
         726   4.466372       19.94847    
         727   5.932324       35.19247    
         728   5.650539       31.92859    
         729   3.297701       10.87483    
         730   4.709881       22.18298    
         731   2.702965       7.306022    
         732   3.408098       11.61513    
         733   3.473324       12.06398    
         734   4.577892       20.95710    
         735   5.544971       30.74670    
         736   5.636786       31.77337    
         737   3.162399       10.00077    
         738   4.594793       21.11212    
         739   2.854240       8.146688    
         740   4.186842       17.52965    
         741   3.303313       10.91187    
         742   3.829616       14.66596    
         743   5.160709       26.63291    
         744   2.549232       6.498583    
         745   4.536891       20.58338    
         746   3.477576       12.09354    
         747   3.742707       14.00785    
         748   4.800003       23.04003    
         749   2.228790       4.967505    
         750   3.388723       11.48345    
         751   2.883668       8.315541    
         752   3.312577       10.97317    
         753   3.544466       12.56324    
         754   4.159201       17.29895    
         755   4.304423       18.52806    
         756   1.805329       3.259213    
         757   3.375734       11.39558    
         758   3.849209       14.81641    
         759   4.978739       24.78785    
         760   5.937968       35.25946    
         761   6.927114       47.98491    
         762   3.830765       14.67476    
         763   2.240032       5.017745    
         764   2.949107       8.697231    
         765   4.149487       17.21824    
         766   5.666295       32.10690    
         767   4.156184       17.27387    
         768   5.596843       31.32465    
         769   5.242919       27.48820    
         770   3.588382       12.87648    
         771   4.800249       23.04239    
         772   4.053618       16.43182    
         773   3.814220       14.54827    
         774   5.542348       30.71763    
         775   4.085278       16.68950    
         776   5.188662       26.92221    
         777   2.978811       8.873315    
         778   4.110806       16.89873    
         779   4.510083       20.34085    
         780   4.846975       23.49317    
         781   3.818349       14.57979    
         782   5.445644       29.65504    
         783   4.104483       16.84678    
         784   2.955032       8.732212    
         785   3.576641       12.79236    
         786   4.115081       16.93390    
         787   4.913948       24.14688    
         788   3.390794       11.49748    
         789   4.014048       16.11258    
         790   3.281017       10.76507    
         791   3.908970       15.28005    
         792   3.693992       13.64557    
         793   4.173190       17.41552    
         794   5.032732       25.32839    
         795   4.572726       20.90983    
         796   2.837019       8.048678    
         797   5.777607       33.38074    
         798   5.503304       30.28635    
         799   3.182636       10.12917    
         800   5.953351       35.44239    
         801   4.417585       19.51506    
         802   2.145272       4.602190    
         803   3.898110       15.19526    
         804   4.034875       16.28021    
         805   4.224816       17.84907    
         806   5.700099       32.49112    
         807   4.545993       20.66605    
         808   6.464505       41.78983    
         809   4.172707       17.41149    
         810   4.378639       19.17248    
         811   1.835882       3.370465    
         812   4.063441       16.51155    
         813   5.089873       25.90681    
         814   3.688127       13.60228    
         815   3.846254       14.79367    
         816   2.047161       4.190868    
         817   4.830824       23.33686    
         818   3.209432       10.30045    
         819   4.101086       16.81891    
         820   3.092746       9.565075    
         821   4.938555       24.38932    
         822   3.962233       15.69929    
         823   4.495724       20.21153    
         824   3.695040       13.65333    
         825   4.548625       20.68999    
         826   5.242198       27.48064    
         827   2.258639       5.101451    
         828   4.485630       20.12088    
         829   2.800725       7.844057    
         830   4.066472       16.53619    
         831   4.679788       21.90042    
         832   5.896011       34.76294    
         833   2.427181       5.891208    
         834   3.068622       9.416442    
         835   2.377663       5.653282    
         836   4.338472       18.82234    
         837   3.759430       14.13332    
         838   5.591100       31.26040    
         839   5.586639       31.21053    
         840   7.300832       53.30215    
         841   4.900322       24.01316    
         842   4.701303       22.10225    
         843   4.075617       16.61066    
         844   5.676465       32.22225    
         845   4.853772       23.55910    
         846   3.750458       14.06594    
         847   4.784305       22.88957    
         848   2.181413       4.758564    
         849   6.272678       39.34649    
         850   3.535588       12.50038    
         851   6.055944       36.67447    
         852   2.897630       8.396258    
         853   1.853460       3.435315    
         854   4.195746       17.60428    
         855   4.356785       18.98158    
         856   6.037505       36.45147    
         857   4.285269       18.36353    
         858   5.256070       27.62627    
         859   6.633630       44.00505    
         860   2.543971       6.471786    
         861   5.059077       25.59426    
         862   3.768930       14.20483    
         863   4.686166       21.96016    
         864   3.833051       14.69228    
         865   5.518113       30.44957    
         866   4.941276       24.41621    
         867   4.815612       23.19012    
         868   4.104305       16.84532    
         869   4.001240       16.00992    
         870   4.609599       21.24841    
         871   3.189945       10.17575    
         872   3.714513       13.79761    
         873   5.823433       33.91238    
         874   5.176111       26.79213    
         875   3.850501       14.82636    
         876   4.041804       16.33618    
         877   2.760261       7.619039    
         878   2.889082       8.346793    
         879   2.609555       6.809780    
         880   4.204659       17.67916    
         881   5.281915       27.89862    
         882   4.846573       23.48927    
         883   3.707271       13.74386    
         884   4.980002       24.80042    
         885   2.406314       5.790346    
         886   3.865260       14.94023    
         887   5.705117       32.54836    
         888   4.376730       19.15577    
         889   4.150207       17.22422    
         890   6.260408       39.19271    
         891   5.748837       33.04913    
         892   3.269176       10.68751    
         893   4.131568       17.06986    
         894   3.827159       14.64714    
         895   4.850135       23.52381    
         896   3.450525       11.90612    
         897   5.419192       29.36765    
         898   4.626437       21.40392    
         899   4.488901       20.15023    
         900   4.205311       17.68464    
         901   6.263286       39.22876    
         902   3.190997       10.18246    
         903   2.331445       5.435635    
         904   2.865718       8.212338    
         905   5.813982       33.80239    
         906   4.068822       16.55531    
         907   3.994288       15.95434    
         908   1.468845       2.157505    
         909   5.599678       31.35639    
         910   4.478811       20.05975    
         911   2.935943       8.619763    
         912   4.058461       16.47111    
         913   2.464231       6.072435    
         914   3.791839       14.37805    
         915   4.607969       21.23338    
         916   5.052177       25.52450    
         917   4.937343       24.37735    
         918   2.855075       8.151451    
         919   4.569170       20.87731    
         920   3.174001       10.07428    
         921   6.649811       44.21998    
         922   5.115262       26.16590    
         923   4.853763       23.55902    
         924   4.679903       21.90149    
         925   3.466451       12.01628    
         926   2.444677       5.976445    
         927   3.948894       15.59376    
         928   4.363864       19.04331    
         929   4.098663       16.79904    
         930   4.578730       20.96477    
         931   4.496653       20.21989    
         932   5.953659       35.44606    
         933   3.523865       12.41763    
         934   5.191342       26.95003    
         935   3.873289       15.00237    
         936   4.190440       17.55979    
         937   4.640684       21.53595    
         938   4.892794       23.93944    
         939   2.657991       7.064915    
         940   6.374938       40.63984    
         941   4.628318       21.42133    
         942   3.094141       9.573705    
         943   5.171998       26.74956    
         944   2.741940       7.518236    
         945   5.428198       29.46534    
         946   4.770163       22.75445    
         947   5.956962       35.48539    
         948   4.377388       19.16152    
         949   4.352130       18.94104    
         950   5.937779       35.25723    
         951   3.810521       14.52008    
         952   4.827322       23.30304    
         953   4.757615       22.63490    
         954   5.173099       26.76095    
         955   4.645227       21.57813    
         956   3.455049       11.93736    
         957   5.871008       34.46874    
         958   3.345274       11.19086    
         959   4.410037       19.44842    
         960   5.140364       26.42335    
         961   5.726396       32.79161    
         962   4.349242       18.91591    
         963   4.252502       18.08378    
         964   5.029291       25.29377    
         965   4.169006       17.38061    
         966   5.733428       32.87220    
         967   5.447393       29.67410    
         968   3.547507       12.58480    
         969   2.662327       7.087987    
         970   5.527447       30.55267    
         971   4.393391       19.30188    
         972   3.660718       13.40086    
         973   3.666383       13.44236    
         974   4.451274       19.81384    
         975   5.411446       29.28375    
         976   3.503671       12.27571    
         977   4.977246       24.77298    
         978   5.710104       32.60529    
         979   4.238121       17.96166    
         980   5.039333       25.39488    
         981   4.257834       18.12915    
         982   3.163201       10.00584    
         983   4.256558       18.11829    
         984   4.476672       20.04059    
         985   4.139239       17.13330    
         986   4.769555       22.74866    
         987   4.966156       24.66270    
         988   5.763558       33.21860    
         989   4.231676       17.90708    
         990   5.910445       34.93336    
         991   3.575302       12.78278    
         992   5.081221       25.81880    
         993   3.668737       13.45963    
         994   6.141816       37.72190    
         995   2.327214       5.415926    
         996   5.412458       29.29471    
         997   5.394750       29.10332    
         998   4.774480       22.79566    
         999   3.984961       15.87992    
        1000   5.037376       25.37516    
        1001   4.019237       16.15426    
        1002   4.688014       21.97748    
        1003   2.403185       5.775299    
        1004   4.709474       22.17915    
        1005   5.601899       31.38127    
        1006   5.468061       29.89969    
        1007   6.800712       46.24969    
        1008   4.269985       18.23277    
        1009   3.865369       14.94108    
        1010   4.199828       17.63856    
        1011   3.804894       14.47722    
        1012   5.969206       35.63143    
        1013   4.801742       23.05673    
        1014   3.774233       14.24483    
        1015   3.524559       12.42252    
        1016   2.982949       8.897981    
        1017   3.396170       11.53397    
        1018   5.489275       30.13214    
        1019   5.086499       25.87247    
        1020   5.982821       35.79415    
        1021   4.172912       17.41319    
        1022   3.555790       12.64364    
        1023   3.644856       13.28498    
        1024   3.118187       9.723088    
        1025   3.301799       10.90188    
        1026   2.291894       5.252780    
        1027   3.893147       15.15660    
        1028   2.660199       7.076657    
        1029   4.188438       17.54301    
        1030   2.157463       4.654645    
        1031   2.962185       8.774542    
        1032   5.266223       27.73311    
        1033   5.584229       31.18362    
        1034   3.349311       11.21788    
        1035   5.802970       33.67446    
        1036   4.989303       24.89314    
        1037   5.121065       26.22530    
        1038   4.709294       22.17746    
        1039   4.518894       20.42040    
        1040   4.476632       20.04023    
        1041   4.917073       24.17760    
        1042   3.001235       9.007411    
        1043   3.904730       15.24692    
        1044   5.431736       29.50376    
        1045   5.402974       29.19212    
        1046   4.516682       20.40042    
        1047   3.983447       15.86785    
        1048   5.368091       28.81640    
        1049   5.164013       26.66703    
        1050   5.137178       26.39060    
        1051   5.235515       27.41061    
        1052   5.288834       27.97176    
        1053   5.151294       26.53583    
        1054   2.750423       7.564825    
        1055   4.000764       16.00611    
        1056   3.951080       15.61103    
        1057   5.474133       29.96613    
        1058   4.124897       17.01478    
        1059   5.296607       28.05405    
        1060   4.317475       18.64059    
        1061   4.865127       23.66946    
        1062   4.291595       18.41779    
        1063   4.338326       18.82108    
        1064   5.018099       25.18132    
        1065   5.497956       30.22753    
        1066   5.188021       26.91556    
        1067   2.996219       8.977326    
        1068   5.273525       27.81006    
        1069   5.537965       30.66906    
        1070   3.458993       11.96463    
        1071   2.467351       6.087822    
        1072   4.567232       20.85961    
        1073   5.472584       29.94918    
        1074   4.684698       21.94639    
        1075   3.037311       9.225259    
        1076   3.808890       14.50764    
        1077   3.116452       9.712271    
        1078   5.019780       25.19819    
        1079   3.003651       9.021922    
        1080   3.117741       9.720306    
        1081   4.783026       22.87733    
        1082   3.134431       9.824660    
        1083   4.517568       20.40842    
        1084   4.912211       24.12982    
        1085   5.236101       27.41675    
        1086   3.327352       11.07127    
        1087   3.150025       9.922659    
        1088   2.956620       8.741602    
        1089   3.135320       9.830234    
        1090   4.552774       20.72776    
        1091   2.642865       6.984735    
        1092   3.455079       11.93758    
        1093   5.097570       25.98522    
        1094   4.307913       18.55812    
        1095   3.539075       12.52505    
        1096   2.814818       7.923201    
        1097   3.093991       9.572782    
        1098   5.293433       28.02043    
        1099   4.325235       18.70766    
        1100   1.744823       3.044408    
        1101   4.812542       23.16057    
        1102   3.914112       15.32027    
        1103   5.485596       30.09176    
        1104   3.930424       15.44823    
        1105   2.113386       4.466399    
        1106   3.540355       12.53411    
        1107   4.395037       19.31635    
        1108   4.647735       21.60144    
        1109   4.082594       16.66757    
        1110   4.473461       20.01185    
        1111   4.287764       18.38491    
        1112   2.259518       5.105422    
        1113   4.713973       22.22154    
        1114   4.365905       19.06113    
        1115   3.926483       15.41727    
        1116   3.744956       14.02469    
        1117   4.522615       20.45405    
        1118   5.588284       31.22891    
        1119   3.984802       15.87865    
        1120   5.287973       27.96266    
        1121   6.688215       44.73222    
        1122   4.284464       18.35663    
        1123   4.566345       20.85151    
        1124   4.982766       24.82795    
        1125   5.464311       29.85870    
        1126   2.824455       7.977545    
        1127   2.220132       4.928985    
        1128   3.038237       9.230886    
        1129   4.432016       19.64277    
        1130   2.981403       8.888765    
        1131   5.608847       31.45917    
        1132   4.531434       20.53389    
        1133   4.368332       19.08232    
        1134   3.783633       14.31588    
        1135   3.872602       14.99704    
        1136   4.436664       19.68398    
        1137   3.340432       11.15849    
        1138   5.520837       30.47964    
        1139   3.604972       12.99582    
        1140   3.505357       12.28753    
        1141   4.339920       18.83491    
        1142   2.868029       8.225592    
        1143   5.376811       28.91010    
        1144   3.508099       12.30676    
        1145   4.079431       16.64176    
        1146   5.914142       34.97708    
        1147   4.972161       24.72238    
        1148   5.141855       26.43867    
        1149   6.661427       44.37461    
        1150   3.994962       15.95972    
        1151   3.076896       9.467289    
        1152   4.480384       20.07384    
        1153   4.163871       17.33782    
        1154   3.463789       11.99783    
        1155   3.604398       12.99169    
        1156   3.634298       13.20813    
        1157   4.581687       20.99186    
        1158   4.362419       19.03070    
        1159   6.856680       47.01407    
        1160   5.046803       25.47022    
        1161   2.697053       7.274095    
        1162   3.795966       14.40936    
        1163   5.340031       28.51594    
        1164   4.597085       21.13319    
        1165   5.661376       32.05119    
        1166   2.425240       5.881788    
        1167   5.022913       25.22965    
        1168   4.549276       20.69591    
        1169   5.237169       27.42794    
        1170   5.833941       34.03487    
        1171   5.982913       35.79525    
        1172   4.872072       23.73708    
        1173   3.411256       11.63667    
        1174   3.257252       10.60969    
        1175   4.356706       18.98089    
        1176   6.488476       42.10032    
        1177   5.041258       25.41428    
        1178   4.842161       23.44652    
        1179   4.521665       20.44545    
        1180   3.535358       12.49876    
        1181   5.116354       26.17707    
        1182   4.265269       18.19252    
        1183   3.987306       15.89861    
        1184   5.489233       30.13168    
        1185   3.605480       12.99949    
        1186   5.219756       27.24586    
        1187   5.308912       28.18455    
        1188   2.836867       8.047816    
        1189   4.512353       20.36134    
        1190   3.267678       10.67772    
        1191   5.122199       26.23692    
        1192   5.754395       33.11306    
        1193   2.991786       8.950786    
        1194   1.934688       3.743020    
        1195   4.430208       19.62674    
        1196   4.757128       22.63027    
        1197   5.106783       26.07924    
        1198   3.582026       12.83092    
        1199   3.810276       14.51820    
        1200   5.472617       29.94954    
        1201   5.903036       34.84584    
        1202   4.831446       23.34287    
        1203   3.473945       12.06829    
        1204   3.692179       13.63219    
        1205   5.248604       27.54785    
        1206   2.836950       8.048287    
        1207   4.212241       17.74297    
        1208   5.008046       25.08053    
        1209   4.902010       24.02971    
        1210   5.969295       35.63248    
        1211   5.179961       26.83200    
        1212   2.549433       6.499609    
        1213   6.610907       43.70409    
        1214   3.673905       13.49758    
        1215   4.373610       19.12846    
        1216   4.958513       24.58685    
        1217   4.662870       21.74236    
        1218   4.765114       22.70631    
        1219   5.178358       26.81539    
        1220   5.807297       33.72470    
        1221   3.423882       11.72297    
        1222   3.876603       15.02805    
        1223   6.256942       39.14933    
        1224   4.640669       21.53581    
        1225   3.561020       12.68087    
        1226   3.606482       13.00671    
        1227   3.403603       11.58451    
        1228   3.278688       10.74979    
        1229   4.235495       17.93941    
        1230   3.249367       10.55839    
        1231   4.809262       23.12900    
        1232   2.977139       8.863359    
        1233   3.696866       13.66682    
        1234   5.704213       32.53805    
        1235   4.226218       17.86091    
        1236   6.538844       42.75649    
        1237   2.762410       7.630909    
        1238   5.011373       25.11386    
        1239   4.477225       20.04554    
        1240   5.293311       28.01914    
        1241   1.918109       3.679142    
        1242   5.595714       31.31201    
        1243   5.559597       30.90912    
        1244   3.593288       12.91172    
        1245   3.004533       9.027219    
        1246   6.197259       38.40602    
        1247   4.210145       17.72532    
        1248   4.097107       16.78628    
        1249   4.103553       16.83915    
        1250   3.494536       12.21178    
        1251   4.765260       22.70770    
        1252   3.222903       10.38710    
        1253   5.801521       33.65764    
        1254   5.071298       25.71807    
        1255   4.473733       20.01429    
        1256   3.805063       14.47850    
        1257   4.422629       19.55965    
        1258   2.875888       8.270730    
        1259   4.228919       17.88376    
        1260   3.224056       10.39454    
        1261   3.568380       12.73333    
        1262   6.597447       43.52631    
        1263   5.192651       26.96362    
        1264   4.196339       17.60926    
        1265   4.094610       16.76583    
        1266   4.622314       21.36579    
        1267   4.349940       18.92198    
        1268   4.502913       20.27623    
        1269   4.812294       23.15817    
        1270   4.529535       20.51669    
        1271   2.996951       8.981717    
        1272   5.314704       28.24609    
        1273   3.776312       14.26053    
        1274   3.157784       9.971597    
        1275   4.428440       19.61108    
        1276   3.694896       13.65226    
        1277   1.895685       3.593622    
        1278   3.370082       11.35745    
        1279   4.576959       20.94855    
        1280   4.917936       24.18610    
        1281   4.288179       18.38848    
        1282   2.881407       8.302509    
        1283   3.172214       10.06294    
        1284   3.144068       9.885167    
        1285   3.562160       12.68899    
        1286   3.873485       15.00389    
        1287   4.959445       24.59610    
        1288   4.556022       20.75733    
        1289   4.475286       20.02819    
        1290   3.526098       12.43336    
        1291   4.449839       19.80107    
        1292   2.345398       5.500892    
        1293   5.887771       34.66584    
        1294   2.836843       8.047678    
        1295   4.767180       22.72601    
        1296   4.382755       19.20854    
        1297   3.751971       14.07729    
        1298   2.957556       8.747137    
        1299   3.819128       14.58573    
        1300   4.711646       22.19961    
        1301   3.773727       14.24102    
        1302   4.123483       17.00311    
        1303   6.182507       38.22339    
        1304   5.295231       28.03947    
        1305   3.838547       14.73445    
        1306   5.299640       28.08618    
        1307   5.026657       25.26728    
        1308   4.122735       16.99694    
        1309   4.138827       17.12989    
        1310   4.972528       24.72603    
        1311   2.715185       7.372231    
        1312   3.711233       13.77325    
        1313   4.415800       19.49929    
        1314   5.894230       34.74195    
        1315   2.657996       7.064940    
        1316   2.622444       6.877215    
        1317   5.093802       25.94682    
        1318   4.896302       23.97378    
        1319   4.216234       17.77663    
        1320   5.314977       28.24899    
        1321   4.350106       18.92342    
        1322   4.553908       20.73808    
        1323   4.173004       17.41396    
        1324   5.257106       27.63716    
        1325   4.475642       20.03137    
        1326   3.560404       12.67647    
        1327   4.094890       16.76812    
        1328   5.081528       25.82192    
        1329   6.306514       39.77212    
        1330   4.485669       20.12123    
        1331   4.860682       23.62623    
        1332   4.926964       24.27498    
        1333   4.005946       16.04760    
        1334   3.105358       9.643251    
        1335   4.489437       20.15505    
        1336   5.323886       28.34376    
        1337   3.102270       9.624080    
        1338   5.021482       25.21527    
        1339   2.351735       5.530656    
        1340   2.520530       6.353069    
        1341   3.823744       14.62102    
        1342   4.795174       22.99369    
        1343   2.988755       8.932658    
        1344   2.082351       4.336185    
        1345   3.713231       13.78809    
        1346   3.292338       10.83949    
        1347   4.351213       18.93306    
        1348   4.109283       16.88621    
        1349   5.459049       29.80122    
        1350   4.173338       17.41676    
        1351   5.574503       31.07508    
        1352   3.689646       13.61349    
        1353   4.651281       21.63442    
        1354   2.338979       5.470824    
        1355   4.594261       21.10723    
        1356   4.526266       20.48708    
        1357   4.821736       23.24914    
        1358   3.622769       13.12446    
        1359   4.684025       21.94009    
        1360   3.124943       9.765268    
        1361   6.374893       40.63927    
        1362   4.129372       17.05171    
        1363   3.607806       13.01626    
        1364   5.115458       26.16792    
        1365   3.063693       9.386214    
        1366   5.456774       29.77639    
        1367   4.441469       19.72665    
        1368   3.245139       10.53093    
        1369   4.236101       17.94455    
        1370   5.721232       32.73250    
        1371   3.604705       12.99390    
        1372   3.717377       13.81890    
        1373   4.539492       20.60699    
        1374   2.406182       5.789713    
        1375   4.471993       19.99872    
        1376   2.991647       8.949949    
        1377   3.249706       10.56059    
        1378   6.523455       42.55546    
        1379   3.638972       13.24212    
        1380   4.021293       16.17080    
        1381   4.809216       23.12856    
        1382   3.655109       13.35982    
        1383   4.982314       24.82345    
        1384   5.334443       28.45628    
        1385   5.507303       30.33039    
        1386   2.734976       7.480094    
        1387   3.942245       15.54129    
        1388   3.926850       15.42015    
        1389   2.578716       6.649778    
        1390   4.388251       19.25675    
        1391   5.623512       31.62389    
        1392   4.578825       20.96564    
        1393   5.883540       34.61604    
        1394   5.767125       33.25974    
        1395   3.749506       14.05879    
        1396   2.659128       7.070962    
        1397   2.859601       8.177321    
        1398   4.016842       16.13502    
        1399   4.796532       23.00672    
        1400   5.457242       29.78149    
        1401   3.497305       12.23114    
        1402   5.687450       32.34709    
        1403   3.278524       10.74872    
        1404   5.052925       25.53205    
        1405   4.984732       24.84755    
        1406   6.020278       36.24375    
        1407   4.817112       23.20457    
        1408   3.046544       9.281427    
        1409   3.252886       10.58127    
        1410   6.808392       46.35419    
        1411   4.282263       18.33778    
        1412   4.495874       20.21288    
        1413   3.445879       11.87408    
        1414   3.717539       13.82010    
        1415   3.363212       11.31119    
        1416   5.599229       31.35136    
        1417   2.665442       7.104580    
        1418   5.119563       26.20992    
        1419   5.023142       25.23196    
        1420   2.897807       8.397285    
        1421   3.474442       12.07175    
        1422   4.372613       19.11975    
        1423   4.007097       16.05683    
        1424   4.890469       23.91669    
        1425   4.606830       21.22289    
        1426   2.759485       7.614760    
        1427   3.369376       11.35269    
        1428   4.737223       22.44128    
        1429   6.008075       36.09697    
        1430   4.635030       21.48350    
        1431   4.046278       16.37236    
        1432   3.907544       15.26890    
        1433   2.081852       4.334110    
        1434   5.532887       30.61283    
        1435   2.944582       8.670566    
        1436   2.505549       6.277774    
        1437   6.053822       36.64875    
        1438   4.210936       17.73198    
        1439   3.814203       14.54815    
        1440   3.052637       9.318591    
        1441   3.795531       14.40606    
        1442   4.278107       18.30220    
        1443   4.849584       23.51846    
        1444   5.652479       31.95052    
        1445   3.907889       15.27160    
        1446   5.012229       25.12244    
        1447   4.130190       17.05847    
        1448   4.253060       18.08852    
        1449   3.383969       11.45125    
        1450   4.781370       22.86150    
        1451   2.725307       7.427302    
        1452   2.645868       7.000616    
        1453   4.991765       24.91772    
        1454   5.051760       25.52028    
        1455   5.079659       25.80293    
        1456   5.498314       30.23146    
        1457   5.380298       28.94761    
        1458   5.688265       32.35636    
        1459   5.323560       28.34029    
        1460   6.186459       38.27228    
        1461   3.902621       15.23045    
        1462   4.246961       18.03667    
        1463   6.041956       36.50523    
        1464   3.892700       15.15312    
        1465   2.584701       6.680681    
        1466   4.988385       24.88398    
        1467   4.655458       21.67329    
        1468   5.264314       27.71300    
        1469   5.491701       30.15877    
        1470   5.102448       26.03498    
        1471   2.976346       8.858632    
        1472   6.443133       41.51396    
        1473   5.112963       26.14239    
        1474   2.842381       8.079132    
        1475   4.258781       18.13722    
        1476   2.672925       7.144526    
        1477   4.563662       20.82701    
        1478   4.131242       17.06716    
        1479   5.281937       27.89886    
        1480   3.715852       13.80755    
        1481   4.857031       23.59075    
        1482   3.981443       15.85189    
        1483   5.299092       28.08038    
        1484   5.638949       31.79775    
        1485   4.974022       24.74090    
        1486   3.843731       14.77427    
        1487   3.945508       15.56704    
        1488   3.655332       13.36145    
        1489   4.446179       19.76851    
        1490   7.735114       59.83199    
        1491   5.141366       26.43365    
        1492   3.977876       15.82350    
        1493   3.778079       14.27388    
        1494   4.453676       19.83523    
        1495   4.858234       23.60244    
        1496   4.778823       22.83716    
        1497   6.663198       44.39821    
        1498   3.477087       12.09013    
        1499   6.936996       48.12191    
        1500   4.800083       23.04080    
