           1   5.466115       29.87842    
           2   4.713716       22.21911    
           3   5.605617       31.42294    
           4   2.535252       6.427504    
           5   5.289612       27.98000    
           6   4.813798       23.17265    
           7   6.188879       38.30222    
           8   5.393436       29.08915    
           9   4.995196       24.95199    
          10   3.824006       14.62303    
          11   3.234175       10.45989    
          12   4.646553       21.59045    
          13   6.832573       46.68406    
          14   5.024921       25.24984    
          15   4.145223       17.18288    
          16   5.131627       26.33359    
          17   4.350224       18.92445    
          18   2.748534       7.554441    
          19   5.437101       29.56207    
          20   3.543983       12.55982    
          21   5.102274       26.03320    
          22   4.011185       16.08960    
          23   3.661400       13.40585    
          24   2.344528       5.496812    
          25   4.642488       21.55270    
          26   3.756716       14.11291    
          27   2.789481       7.781205    
          28   4.355273       18.96840    
          29   4.580260       20.97879    
          30   2.788522       7.775855    
          31   4.832830       23.35625    
          32   2.661718       7.084743    
          33   5.199578       27.03562    
          34   3.440099       11.83428    
          35   3.138446       9.849845    
          36   4.576474       20.94411    
          37   5.804228       33.68906    
          38   5.012321       25.12336    
          39   4.217759       17.78949    
          40   3.532127       12.47592    
          41   6.044369       36.53439    
          42   4.904652       24.05561    
          43   3.128480       9.787388    
          44   4.751616       22.57786    
          45   5.208138       27.12470    
          46   4.060006       16.48365    
          47   3.983495       15.86823    
          48   4.628347       21.42160    
          49   4.494281       20.19856    
          50   6.014925       36.17932    
          51   3.894220       15.16495    
          52   3.752237       14.07928    
          53   2.675723       7.159493    
          54   3.630000       13.17690    
          55   5.924561       35.10041    
          56   2.926075       8.561913    
          57   4.001545       16.01237    
          58   5.551233       30.81618    
          59   6.602089       43.58757    
          60   4.204949       17.68159    
          61   3.346582       11.19961    
          62   4.891902       23.93071    
          63   4.221797       17.82357    
          64   3.847594       14.80398    
          65   5.196908       27.00784    
          66   3.974231       15.79451    
          67   5.590249       31.25089    
          68   3.990041       15.92043    
          69   4.683960       21.93948    
          70   5.573155       31.06006    
          71   4.163592       17.33550    
          72   4.408935       19.43870    
          73   4.358622       18.99758    
          74   5.243905       27.49854    
          75   3.469824       12.03967    
          76   5.559560       30.90870    
          77   4.999753       24.99753    
          78   3.685801       13.58513    
          79   4.418058       19.51924    
          80   2.494438       6.222220    
          81   4.283096       18.34491    
          82   3.984189       15.87376    
          83   3.744277       14.01961    
          84   6.729102       45.28081    
          85   4.339957       18.83522    
          86   2.741988       7.518497    
          87   5.627280       31.66628    
          88   4.901016       24.01996    
          89   6.057980       36.69913    
          90   3.800297       14.44226    
          91   4.741451       22.48136    
          92   5.401515       29.17637    
          93   4.154908       17.26326    
          94   4.367127       19.07180    
          95   4.511868       20.35695    
          96   4.751278       22.57464    
          97   5.514712       30.41206    
          98   6.049180       36.59258    
          99   3.638438       13.23823    
         100   5.437944       29.57124    
         101   4.315851       18.62657    
         102   4.159055       17.29774    
         103   4.711537       22.19858    
         104   6.023448       36.28193    
         105   3.193724       10.19987    
         106   4.350169       18.92397    
         107   2.078280       4.319249    
         108   5.326993       28.37685    
         109   5.122783       26.24291    
         110   5.416321       29.33653    
         111   4.423008       19.56300    
         112   5.515454       30.42024    
         113   4.076632       16.61893    
         114   2.615263       6.839602    
         115   4.172065       17.40612    
         116   6.717274       45.12177    
         117   4.999351       24.99351    
         118   4.345415       18.88263    
         119   5.535011       30.63635    
         120   3.944479       15.55891    
         121   4.871807       23.73451    
         122   4.162669       17.32781    
         123   3.598232       12.94727    
         124   5.001831       25.01831    
         125   5.315149       28.25081    
         126   3.288532       10.81445    
         127   5.344557       28.56430    
         128   4.587056       21.04109    
         129   4.948374       24.48640    
         130   4.468015       19.96316    
         131   6.872814       47.23558    
         132   3.335137       11.12314    
         133   4.153306       17.24996    
         134   4.352438       18.94372    
         135   4.041779       16.33598    
         136   5.041430       25.41603    
         137   4.019017       16.15250    
         138   4.191164       17.56586    
         139   4.696935       22.06120    
         140   3.566916       12.72289    
         141   3.270499       10.69617    
         142   3.506332       12.29436    
         143   5.275605       27.83201    
         144   3.827027       14.64613    
         145   5.153221       26.55569    
         146   5.705894       32.55724    
         147   5.221973       27.26900    
         148   4.837741       23.40374    
         149   3.355579       11.25991    
         150   3.843989       14.77625    
         151   5.783220       33.44564    
         152   3.949354       15.59740    
         153   6.433833       41.39421    
         154   4.730961       22.38199    
         155   3.442433       11.85034    
         156   2.415828       5.836226    
         157   4.612653       21.27657    
         158   5.420934       29.38652    
         159   6.067386       36.81317    
         160   3.878805       15.04513    
         161   4.084669       16.68452    
         162   2.006297       4.025226    
         163   2.600483       6.762509    
         164   4.747463       22.53840    
         165   6.145760       37.77037    
         166   5.676643       32.22428    
         167   3.391300       11.50092    
         168   5.000041       25.00041    
         169   3.086324       9.525396    
         170   4.331085       18.75830    
         171   3.021071       9.126869    
         172   4.597363       21.13575    
         173   3.877620       15.03594    
         174   4.024440       16.19612    
         175   4.677023       21.87454    
         176   4.400475       19.36418    
         177   4.783148       22.87851    
         178   3.532810       12.48075    
         179   3.218891       10.36126    
         180   3.596672       12.93605    
         181   4.212566       17.74571    
         182   4.231003       17.90138    
         183   4.199936       17.63946    
         184   3.616036       13.07572    
         185   2.077103       4.314356    
         186   4.419125       19.52867    
         187   3.888126       15.11753    
         188   3.970671       15.76623    
         189   2.651161       7.028656    
         190   5.336799       28.48142    
         191   5.123623       26.25152    
         192   3.378508       11.41431    
         193   5.326536       28.37199    
         194   3.725598       13.88008    
         195   5.463996       29.85525    
         196   4.003668       16.02936    
         197   5.830303       33.99243    
         198   3.281244       10.76656    
         199   4.316392       18.63124    
         200   4.275209       18.27742    
         201   4.186721       17.52864    
         202   2.565294       6.580731    
         203   5.626049       31.65242    
         204   3.754910       14.09935    
         205   2.844273       8.089889    
         206   6.144382       37.75343    
         207   3.744736       14.02305    
         208   5.258146       27.64810    
         209   4.011572       16.09271    
         210   5.104103       26.05186    
         211   2.140983       4.583807    
         212   3.345534       11.19260    
         213   2.143347       4.593938    
         214   4.964410       24.64537    
         215   5.877141       34.54079    
         216   2.601048       6.765448    
         217   1.826126       3.334735    
         218   2.446481       5.985271    
         219   4.250992       18.07093    
         220   2.523097       6.366016    
         221   3.465555       12.01007    
         222   4.477281       20.04604    
         223   5.880151       34.57618    
         224   4.787148       22.91679    
         225   6.344796       40.25644    
         226   5.292015       28.00542    
         227   4.369478       19.09234    
         228   2.665220       7.103400    
         229   3.972727       15.78256    
         230   5.770305       33.29642    
         231   5.696281       32.44763    
         232   5.834486       34.04123    
         233   4.516097       20.39513    
         234   4.790303       22.94700    
         235   4.210294       17.72658    
         236   3.750370       14.06527    
         237   3.207665       10.28911    
         238   3.603070       12.98212    
         239   4.676618       21.87075    
         240   3.850159       14.82373    
         241   4.281306       18.32958    
         242   4.193293       17.58370    
         243   4.642509       21.55289    
         244   6.331173       40.08376    
         245   5.676814       32.22622    
         246   6.528375       42.61968    
         247   4.253243       18.09008    
         248   4.976645       24.76699    
         249   4.566631       20.85413    
         250   4.544199       20.64974    
         251   4.221168       17.81825    
         252   5.015481       25.15505    
         253   2.744133       7.530266    
         254   4.322364       18.68284    
         255   5.568452       31.00766    
         256   4.549685       20.69963    
         257   3.573462       12.76963    
         258   4.940102       24.40460    
         259   4.958457       24.58630    
         260   1.777934       3.161048    
         261   4.629619       21.43337    
         262   4.565558       20.84432    
         263   4.091026       16.73650    
         264   4.885295       23.86611    
         265   4.222296       17.82778    
         266   3.662140       13.41127    
         267   6.323477       39.98636    
         268   5.510579       30.36648    
         269   4.690145       21.99745    
         270   4.348418       18.90874    
         271   5.720195       32.72063    
         272   4.499554       20.24599    
         273   3.526227       12.43428    
         274   4.361515       19.02281    
         275   4.871313       23.72968    
         276   3.420606       11.70055    
         277   5.451347       29.71719    
         278   4.571840       20.90172    
         279   5.695402       32.43761    
         280   5.307689       28.17156    
         281   3.667932       13.45372    
         282   5.748222       33.04205    
         283   5.432919       29.51661    
         284   4.694803       22.04118    
         285   5.200823       27.04855    
         286   3.479284       12.10542    
         287   4.352363       18.94306    
         288   1.211958       1.468843    
         289   4.278226       18.30322    
         290   4.194496       17.59380    
         291   3.154641       9.951760    
         292   2.637599       6.956926    
         293   5.523415       30.50811    
         294   5.951631       35.42191    
         295   3.216580       10.34638    
         296   5.714782       32.65873    
         297   5.307547       28.17005    
         298   4.866558       23.68339    
         299   4.793473       22.97739    
         300   4.459543       19.88753    
         301   4.413944       19.48290    
         302   3.096991       9.591354    
         303   4.228202       17.87769    
         304   4.106136       16.86035    
         305   3.641467       13.26028    
         306   3.566316       12.71861    
         307   4.981724       24.81757    
         308   3.712941       13.78593    
         309   3.105509       9.644184    
         310   3.834159       14.70077    
         311   5.400475       29.16512    
         312   3.479754       12.10869    
         313   2.366133       5.598584    
         314   3.541887       12.54496    
         315   3.731663       13.92531    
         316   4.776854       22.81833    
         317   5.061676       25.62056    
         318   2.335317       5.453705    
         319   6.329644       40.06440    
         320   5.084658       25.85374    
         321   3.945106       15.56386    
         322   3.523861       12.41760    
         323   4.364838       19.05181    
         324   4.650838       21.63029    
         325   3.365811       11.32868    
         326   2.722720       7.413204    
         327   3.136652       9.838591    
         328   3.969054       15.75339    
         329   5.018074       25.18106    
         330   5.838917       34.09295    
         331   3.696996       13.66778    
         332   3.895789       15.17717    
         333   4.942382       24.42714    
         334   6.361993       40.47495    
         335   4.448876       19.79250    
         336   5.890624       34.69945    
         337   5.559379       30.90669    
         338   6.275279       39.37913    
         339   3.538455       12.52066    
         340   2.640377       6.971593    
         341   6.235800       38.88520    
         342   3.573509       12.76997    
         343   4.964901       24.65024    
         344   3.721557       13.84999    
         345   5.479342       30.02319    
         346   5.167238       26.70035    
         347   5.121804       26.23287    
         348   3.837457       14.72608    
         349   2.280259       5.199580    
         350   3.862016       14.91517    
         351   6.642996       44.12940    
         352   3.870031       14.97714    
         353   5.068244       25.68710    
         354   5.318342       28.28477    
         355   5.020765       25.20808    
         356   4.777772       22.82711    
         357   4.256514       18.11791    
         358   4.545388       20.66055    
         359   4.409377       19.44261    
         360   2.851584       8.131534    
         361   5.740990       32.95896    
         362   3.622934       13.12565    
         363   5.948616       35.38604    
         364   3.303366       10.91223    
         365   5.377692       28.91957    
         366   4.466750       19.95186    
         367   3.513981       12.34806    
         368   2.833484       8.028630    
         369   3.666754       13.44508    
         370   4.721434       22.29194    
         371   3.640092       13.25027    
         372   3.654485       13.35526    
         373   4.888814       23.90050    
         374   5.109207       26.10400    
         375   5.552540       30.83070    
         376   5.172632       26.75612    
         377   3.619632       13.10174    
         378   4.561262       20.80511    
         379   5.158775       26.61296    
         380   5.517269       30.44026    
         381   5.207139       27.11430    
         382   3.941653       15.53663    
         383   5.048762       25.49000    
         384   5.566232       30.98294    
         385   4.498952       20.24057    
         386   2.151252       4.627883    
         387   2.218466       4.921593    
         388   3.250725       10.56721    
         389   3.018681       9.112437    
         390   4.313351       18.60499    
         391   2.354330       5.542869    
         392   5.014579       25.14601    
         393   2.410472       5.810377    
         394   3.867954       14.96107    
         395   4.463880       19.92623    
         396   4.638258       21.51344    
         397   4.942447       24.42778    
         398   5.797121       33.60661    
         399   3.940534       15.52781    
         400   5.064187       25.64598    
         401   2.780164       7.729312    
         402   4.025555       16.20509    
         403   4.504271       20.28846    
         404   3.388513       11.48202    
         405   4.077792       16.62839    
         406   4.885351       23.86665    
         407   5.732129       32.85730    
         408   4.621175       21.35526    
         409   3.873033       15.00039    
         410   4.578470       20.96239    
         411   5.491911       30.16109    
         412   4.939755       24.40118    
         413   2.730835       7.457462    
         414   3.930697       15.45038    
         415   6.616120       43.77304    
         416   5.172849       26.75836    
         417   3.053204       9.322055    
         418   4.202125       17.65785    
         419   6.521795       42.53381    
         420   3.826671       14.64341    
         421   4.010100       16.08090    
         422   4.792785       22.97079    
         423   6.642017       44.11639    
         424   6.848673       46.90433    
         425   2.616711       6.847175    
         426   4.264993       18.19016    
         427   4.171762       17.40360    
         428   4.712201       22.20484    
         429   4.667271       21.78342    
         430   4.376168       19.15084    
         431   3.737558       13.96934    
         432   5.598395       31.34203    
         433   4.961907       24.62053    
         434   5.154021       26.56393    
         435   3.820015       14.59251    
         436   4.362234       19.02908    
         437   4.219173       17.80142    
         438   5.847286       34.19075    
         439   5.643814       31.85263    
         440   5.270209       27.77510    
         441   4.799277       23.03306    
         442   5.116179       26.17529    
         443   4.560570       20.79880    
         444   7.131469       50.85786    
         445   5.055558       25.55867    
         446   2.835551       8.040348    
         447   4.408496       19.43484    
         448   4.396385       19.32820    
         449   2.798568       7.831981    
         450   6.287242       39.52942    
         451   5.071937       25.72454    
         452   4.874897       23.76461    
         453   4.257589       18.12707    
         454   5.197184       27.01072    
         455   5.769394       33.28591    
         456   4.501495       20.26345    
         457   1.848261       3.416070    
         458   5.781170       33.42193    
         459   4.506689       20.31024    
         460   2.176486       4.737090    
         461   3.828602       14.65819    
         462   4.834136       23.36887    
         463   3.935152       15.48542    
         464   4.124471       17.01126    
         465   4.737546       22.44435    
         466   6.513742       42.42884    
         467   5.160081       26.62644    
         468   4.601599       21.17472    
         469   4.267782       18.21396    
         470   4.226903       17.86671    
         471   5.714262       32.65280    
         472   4.166574       17.36034    
         473   4.207098       17.69968    
         474   4.050642       16.40770    
         475   4.833190       23.35973    
         476   4.603927       21.19614    
         477   3.472754       12.06002    
         478   3.593829       12.91560    
         479   3.937992       15.50778    
         480   5.815267       33.81733    
         481   5.879014       34.56281    
         482   4.695270       22.04556    
         483   5.194283       26.98058    
         484   4.159859       17.30443    
         485   2.840990       8.071226    
         486   3.762839       14.15896    
         487   4.183640       17.50284    
         488   4.472315       20.00161    
         489   5.402740       29.18959    
         490   3.653226       13.34606    
         491   4.289552       18.40026    
         492   3.747676       14.04508    
         493   5.084710       25.85427    
         494   4.028838       16.23153    
         495   6.217489       38.65717    
         496   3.646824       13.29933    
         497   5.355480       28.68117    
         498   3.876136       15.02443    
         499   5.693804       32.41940    
         500   5.130913       26.32627    
         501   2.770322       7.674683    
         502   4.044164       16.35526    
         503   5.135105       26.36930    
         504   4.523948       20.46610    
         505   3.815953       14.56150    
         506   4.794020       22.98263    
         507   4.328582       18.73663    
         508   6.943975       48.21878    
         509   3.130687       9.801202    
         510   4.347877       18.90404    
         511   5.471540       29.93775    
         512   6.723688       45.20798    
         513   5.739960       32.94714    
         514   5.139082       26.41016    
         515   4.623460       21.37638    
         516   3.441499       11.84391    
         517   3.579129       12.81017    
         518   2.663862       7.096163    
         519   4.074385       16.60061    
         520   3.617847       13.08882    
         521   3.877219       15.03283    
         522   7.004062       49.05689    
         523   4.228033       17.87626    
         524   4.688308       21.98023    
         525   3.830904       14.67583    
         526   2.493512       6.217604    
         527   4.685201       21.95111    
         528   4.670382       21.81247    
         529   4.737309       22.44210    
         530   4.135979       17.10632    
         531   3.843703       14.77405    
         532   3.927031       15.42157    
         533   3.104352       9.637001    
         534   5.623347       31.62203    
         535   4.354132       18.95846    
         536   3.866063       14.94644    
         537   5.884385       34.62598    
         538   4.976978       24.77031    
         539   5.708618       32.58832    
         540   4.008332       16.06673    
         541   4.399934       19.35942    
         542   5.687816       32.35125    
         543   3.875002       15.01564    
         544   5.195301       26.99115    
         545   5.379759       28.94181    
         546   6.555276       42.97165    
         547   4.523010       20.45762    
         548   4.107508       16.87162    
         549   3.920451       15.36994    
         550   3.681119       13.55064    
         551   3.590997       12.89526    
         552   6.111861       37.35485    
         553   3.501359       12.25952    
         554   5.276003       27.83620    
         555   5.363241       28.76436    
         556   5.790467       33.52951    
         557   3.052078       9.315183    
         558   4.806305       23.10057    
         559   3.908482       15.27623    
         560   5.370615       28.84351    
         561   3.384027       11.45164    
         562   4.092589       16.74928    
         563   4.700388       22.09365    
         564   5.906155       34.88267    
         565   3.772499       14.23175    
         566   5.663435       32.07450    
         567   4.646184       21.58703    
         568   4.289462       18.39949    
         569   3.355298       11.25802    
         570   4.560946       20.80223    
         571   4.169862       17.38775    
         572   2.483543       6.167984    
         573   5.914172       34.97743    
         574   2.808590       7.888180    
         575   1.983212       3.933130    
         576   4.651998       21.64108    
         577   4.066369       16.53535    
         578   4.431561       19.63873    
         579   3.910610       15.29287    
         580   5.137388       26.39276    
         581   5.689567       32.37117    
         582   5.996799       35.96160    
         583   4.097499       16.78950    
         584   2.873111       8.254767    
         585   5.533312       30.61755    
         586   3.429734       11.76308    
         587   5.696911       32.45479    
         588   3.888504       15.12047    
         589   2.373588       5.633921    
         590   2.652152       7.033910    
         591   5.045103       25.45306    
         592   3.704387       13.72249    
         593   2.292930       5.257529    
         594   3.413825       11.65420    
         595   4.448712       19.79104    
         596   4.754954       22.60958    
         597   5.129213       26.30883    
         598   2.275172       5.176407    
         599   4.896337       23.97411    
         600   3.785509       14.33008    
         601   4.401792       19.37577    
         602   3.940588       15.52824    
         603   5.777279       33.37696    
         604   5.135087       26.36912    
         605   2.759779       7.616379    
         606   2.444262       5.974416    
         607   5.695661       32.44055    
         608   3.216471       10.34568    
         609   6.150082       37.82351    
         610   4.556751       20.76398    
         611   4.226535       17.86360    
         612   5.931342       35.18082    
         613   1.754420       3.077988    
         614   4.282170       18.33698    
         615   4.683755       21.93757    
         616   4.034454       16.27682    
         617   4.767377       22.72788    
         618   4.805827       23.09597    
         619   6.309649       39.81166    
         620   3.769410       14.20845    
         621   4.568482       20.87103    
         622   5.008090       25.08097    
         623   2.774597       7.698389    
         624   2.579175       6.652144    
         625   3.024923       9.150159    
         626   3.168649       10.04034    
         627   2.451600       6.010341    
         628   4.617142       21.31800    
         629   4.819704       23.22954    
         630   4.820592       23.23811    
         631   5.487326       30.11075    
         632   6.161249       37.96099    
         633   3.453820       11.92888    
         634   5.431950       29.50607    
         635   5.214976       27.19598    
         636   3.858615       14.88891    
         637   2.730086       7.453372    
         638   5.256248       27.62814    
         639   3.580823       12.82229    
         640   4.046394       16.37331    
         641   3.664773       13.43057    
         642   6.131751       37.59837    
         643   3.467626       12.02443    
         644   3.311763       10.96777    
         645   3.902275       15.22775    
         646   1.704449       2.905147    
         647   4.321927       18.67905    
         648   5.122271       26.23767    
         649   2.343232       5.490736    
         650   3.712625       13.78359    
         651   6.103281       37.25004    
         652   1.556563       2.422888    
         653   4.235238       17.93723    
         654   5.372504       28.86381    
         655   4.545023       20.65723    
         656   2.832494       8.023022    
         657   4.199053       17.63205    
         658   3.796651       14.41456    
         659   4.637856       21.50971    
         660   6.134359       37.63036    
         661   4.184229       17.50777    
         662   3.074114       9.450174    
         663   5.427222       29.45473    
         664   4.146417       17.19277    
         665   3.797827       14.42349    
         666   3.062718       9.380243    
         667   5.924824       35.10353    
         668   5.536241       30.64996    
         669   4.404882       19.40299    
         670   4.305853       18.54037    
         671   5.403022       29.19265    
         672   4.119148       16.96738    
         673   5.909125       34.91775    
         674   5.291384       27.99874    
         675   2.501777       6.258889    
         676   5.321207       28.31524    
         677   3.704979       13.72687    
         678   2.402596       5.772467    
         679   4.062770       16.50611    
         680   3.385284       11.46015    
         681   4.157585       17.28551    
         682   5.410914       29.27799    
         683   3.578679       12.80694    
         684   4.363637       19.04133    
         685   5.905710       34.87741    
         686   3.879233       15.04845    
         687   4.507731       20.31964    
         688   5.490354       30.14399    
         689   4.278472       18.30533    
         690   4.360549       19.01439    
         691   1.872884       3.507693    
         692   4.512621       20.36375    
         693   3.370456       11.35997    
         694   3.852700       14.84330    
         695   4.433074       19.65215    
         696   4.695785       22.05040    
         697   4.538632       20.59918    
         698   5.827576       33.96064    
         699   3.731194       13.92181    
         700   1.861960       3.466897    
         701   3.493355       12.20353    
         702   4.818070       23.21380    
         703   5.358994       28.71881    
         704   3.527674       12.44449    
         705   4.166113       17.35650    
         706   5.682895       32.29529    
         707   3.580998       12.82355    
         708   6.878213       47.30981    
         709   5.029348       25.29435    
         710   3.084486       9.514051    
         711   4.684189       21.94163    
         712   5.524266       30.51751    
         713   3.446725       11.87991    
         714   4.122025       16.99109    
         715   4.659750       21.71327    
         716   4.124812       17.01407    
         717   4.305301       18.53562    
         718   3.048605       9.293993    
         719   4.635180       21.48490    
         720   2.246609       5.047251    
         721   5.836325       34.06269    
         722   4.492902       20.18617    
         723   3.674297       13.50045    
         724   3.726161       13.88428    
         725   4.272553       18.25471    
         726   3.936253       15.49409    
         727   3.914280       15.32159    
         728   3.822154       14.60886    
         729   2.785259       7.757670    
         730   5.204241       27.08413    
         731   4.125347       17.01849    
         732   4.261584       18.16110    
         733   5.330690       28.41626    
         734   3.956057       15.65039    
         735   5.653749       31.96487    
         736   6.067651       36.81639    
         737   4.531709       20.53638    
         738   5.699888       32.48872    
         739   3.942306       15.54178    
         740   4.186842       17.52965    
         741   2.427657       5.893517    
         742   5.258607       27.65295    
         743   4.607908       21.23282    
         744   4.370858       19.10440    
         745   4.000206       16.00164    
         746   3.134892       9.827546    
         747   4.277039       18.29306    
         748   4.891060       23.92246    
         749   5.443746       29.63436    
         750   3.511636       12.33159    
         751   4.562410       20.81559    
         752   4.938834       24.39208    
         753   3.263745       10.65203    
         754   4.433259       19.65379    
         755   4.080056       16.64686    
         756   4.317930       18.64452    
         757   4.725616       22.33144    
         758   3.857343       14.87910    
         759   5.244831       27.50825    
         760   4.054157       16.43619    
         761   4.489083       20.15187    
         762   4.150811       17.22923    
         763   6.110791       37.34176    
         764   5.851065       34.23495    
         765   4.484381       20.10967    
         766   5.151879       26.54186    
         767   4.156184       17.27387    
         768   4.867115       23.68881    
         769   3.790382       14.36700    
         770   3.661070       13.40344    
         771   5.378522       28.92850    
         772   3.715439       13.80449    
         773   5.958041       35.49826    
         774   5.450368       29.70651    
         775   3.985198       15.88180    
         776   4.800642       23.04616    
         777   2.455616       6.030048    
         778   5.972520       35.67100    
         779   3.938761       15.51384    
         780   4.846975       23.49317    
         781   3.818349       14.57979    
         782   4.558805       20.78271    
         783   5.785640       33.47363    
         784   3.352257       11.23763    
         785   5.098177       25.99142    
         786   2.719785       7.397229    
         787   4.537571       20.58956    
         788   5.151584       26.53881    
         789   3.157075       9.967126    
         790   4.363886       19.04350    
         791   3.462144       11.98644    
         792   4.065046       16.52460    
         793   4.851592       23.53794    
         794   4.191081       17.56516    
         795   4.569205       20.87763    
         796   4.634375       21.47743    
         797   3.238626       10.48870    
         798   2.860326       8.181464    
         799   4.489171       20.15266    
         800   5.953351       35.44239    
         801   5.714664       32.65739    
         802   3.199261       10.23527    
         803   5.155023       26.57426    
         804   5.940078       35.28453    
         805   6.116213       37.40806    
         806   5.208558       27.12908    
         807   4.203231       17.66715    
         808   5.078200       25.78811    
         809   5.449899       29.70140    
         810   6.044348       36.53415    
         811   3.252476       10.57860    
         812   5.764113       33.22500    
         813   4.257901       18.12972    
         814   3.777331       14.26823    
         815   4.356958       18.98308    
         816   4.113364       16.91976    
         817   3.694900       13.65229    
         818   5.254182       27.60643    
         819   4.471709       19.99618    
         820   3.555200       12.63945    
         821   3.019930       9.119976    
         822   3.023934       9.144175    
         823   4.158653       17.29440    
         824   5.406319       29.22828    
         825   4.548625       20.68999    
         826   5.272566       27.79995    
         827   5.681045       32.27427    
         828   3.165078       10.01772    
         829   2.706807       7.326803    
         830   5.320428       28.30696    
         831   4.531770       20.53694    
         832   5.740911       32.95805    
         833   3.605998       13.00322    
         834   4.500575       20.25517    
         835   4.096435       16.78077    
         836   4.405904       19.41199    
         837   5.670143       32.15052    
         838   4.166674       17.36117    
         839   3.527595       12.44393    
         840   4.481634       20.08504    
         841   4.437749       19.69362    
         842   5.319982       28.30221    
         843   5.000280       25.00280    
         844   4.318124       18.64620    
         845   4.769811       22.75109    
         846   4.171224       17.39911    
         847   3.390798       11.49751    
         848   3.535926       12.50277    
         849   6.276488       39.39430    
         850   6.216497       38.64484    
         851   4.860034       23.61993    
         852   2.837153       8.049439    
         853   3.915689       15.33262    
         854   5.605687       31.42373    
         855   3.365349       11.32557    
         856   5.020004       25.20044    
         857   4.348632       18.91060    
         858   4.011705       16.09378    
         859   4.449101       19.79450    
         860   4.915542       24.16256    
         861   4.397634       19.33919    
         862   3.635772       13.21884    
         863   4.181355       17.48373    
         864   3.400270       11.56184    
         865   5.405322       29.21750    
         866   5.723821       32.76213    
         867   4.691428       22.00949    
         868   4.023150       16.18574    
         869   4.001240       16.00992    
         870   4.609599       21.24841    
         871   3.057631       9.349109    
         872   5.146909       26.49067    
         873   3.725191       13.87705    
         874   3.552976       12.62364    
         875   3.850501       14.82636    
         876   4.757405       22.63290    
         877   2.810995       7.901696    
         878   4.031758       16.25507    
         879   5.300826       28.09875    
         880   4.591033       21.07758    
         881   3.478009       12.09655    
         882   3.871104       14.98545    
         883   4.434116       19.66139    
         884   4.352687       18.94588    
         885   4.986189       24.86208    
         886   4.491508       20.17365    
         887   5.705117       32.54836    
         888   5.741042       32.95956    
         889   4.371218       19.10755    
         890   4.193272       17.58353    
         891   4.103848       16.84157    
         892   3.269176       10.68751    
         893   4.529516       20.51651    
         894   4.558175       20.77696    
         895   4.553914       20.73813    
         896   1.991544       3.966248    
         897   4.163410       17.33398    
         898   3.674974       13.50544    
         899   4.959871       24.60032    
         900   5.123310       26.24830    
         901   5.408811       29.25524    
         902   4.738908       22.45725    
         903   4.813554       23.17030    
         904   3.451472       11.91266    
         905   3.553297       12.62592    
         906   4.077219       16.62371    
         907   3.532927       12.48157    
         908   3.878022       15.03906    
         909   4.433471       19.65566    
         910   6.521745       42.53316    
         911   2.935943       8.619763    
         912   4.840124       23.42679    
         913   3.980079       15.84103    
         914   3.285161       10.79228    
         915   4.607969       21.23338    
         916   4.412245       19.46791    
         917   5.038474       25.38622    
         918   4.893219       23.94360    
         919   5.536359       30.65128    
         920   5.876084       34.52837    
         921   5.037621       25.37762    
         922   4.831727       23.34559    
         923   5.185346       26.88782    
         924   3.734625       13.94742    
         925   4.681780       21.91907    
         926   1.800991       3.243567    
         927   3.808017       14.50099    
         928   5.122913       26.24424    
         929   3.967235       15.73896    
         930   3.990805       15.92653    
         931   3.855000       14.86103    
         932   4.815296       23.18708    
         933   4.106249       16.86128    
         934   2.253539       5.078438    
         935   4.307730       18.55654    
         936   5.172512       26.75488    
         937   3.789505       14.36035    
         938   4.118651       16.96329    
         939   3.569517       12.74145    
         940   5.444153       29.63880    
         941   3.539135       12.52548    
         942   3.513915       12.34760    
         943   5.171998       26.74956    
         944   3.582953       12.83755    
         945   5.836257       34.06189    
         946   3.036230       9.218694    
         947   5.764020       33.22393    
         948   4.938424       24.38803    
         949   2.916498       8.505960    
         950   3.593708       12.91474    
         951   4.687909       21.97649    
         952   4.076549       16.61825    
         953   5.458663       29.79701    
         954   5.561954       30.93534    
         955   4.645227       21.57813    
         956   3.241742       10.50889    
         957   3.820611       14.59706    
         958   4.909351       24.10172    
         959   5.669918       32.14797    
         960   3.477169       12.09070    
         961   3.926061       15.41395    
         962   4.243606       18.00819    
         963   3.318406       11.01182    
         964   4.340904       18.84344    
         965   4.258365       18.13368    
         966   3.086028       9.523566    
         967   3.459937       11.97116    
         968   3.139013       9.853402    
         969   3.281726       10.76972    
         970   5.184731       26.88144    
         971   5.963340       35.56143    
         972   6.008467       36.10168    
         973   4.304141       18.52563    
         974   6.406653       41.04520    
         975   5.934965       35.22381    
         976   5.921261       35.06133    
         977   3.305033       10.92324    
         978   2.589648       6.706280    
         979   4.915517       24.16231    
         980   5.577778       31.11161    
         981   6.252868       39.09836    
         982   4.794005       22.98249    
         983   4.256558       18.11829    
         984   4.788913       22.93369    
         985   4.075731       16.61159    
         986   4.326326       18.71709    
         987   4.966156       24.66270    
         988   3.495242       12.21672    
         989   4.660645       21.72161    
         990   4.645655       21.58211    
         991   4.339921       18.83491    
         992   4.870151       23.71837    
         993   4.017775       16.14251    
         994   6.141816       37.72190    
         995   2.642849       6.984650    
         996   5.108454       26.09631    
         997   5.606564       31.43355    
         998   3.385103       11.45892    
         999   3.812924       14.53839    
        1000   5.037376       25.37516    
        1001   5.333858       28.45004    
        1002   5.667745       32.12333    
        1003   4.398719       19.34873    
        1004   4.505879       20.30295    
        1005   4.686069       21.95925    
        1006   5.454050       29.74665    
        1007   4.637022       21.50197    
        1008   3.977502       15.82052    
        1009   6.291461       39.58249    
        1010   4.942836       24.43163    
        1011   3.804894       14.47722    
        1012   4.299696       18.48739    
        1013   4.175140       17.43179    
        1014   4.446557       19.77187    
        1015   2.842941       8.082313    
        1016   4.713825       22.22015    
        1017   6.574696       43.22662    
        1018   2.834064       8.031921    
        1019   4.985205       24.85227    
        1020   3.961530       15.69372    
        1021   6.033078       36.39803    
        1022   4.272761       18.25649    
        1023   2.813166       7.913902    
        1024   3.569958       12.74460    
        1025   3.278945       10.75148    
        1026   5.078393       25.79008    
        1027   3.141404       9.868418    
        1028   3.453233       11.92482    
        1029   4.150480       17.22648    
        1030   6.200255       38.44316    
        1031   4.059240       16.47743    
        1032   5.136162       26.38016    
        1033   3.041560       9.251087    
        1034   3.159836       9.984565    
        1035   4.131542       17.06964    
        1036   4.980886       24.80923    
        1037   3.749134       14.05601    
        1038   5.703442       32.52925    
        1039   5.205222       27.09434    
        1040   4.867395       23.69153    
        1041   4.684030       21.94014    
        1042   2.911499       8.476828    
        1043   5.218350       27.23119    
        1044   3.998941       15.99153    
        1045   4.211117       17.73350    
        1046   3.931487       15.45659    
        1047   5.466401       29.88154    
        1048   3.539437       12.52762    
        1049   4.805489       23.09272    
        1050   3.447787       11.88723    
        1051   5.367799       28.81327    
        1052   3.848775       14.81307    
        1053   5.183930       26.87313    
        1054   2.750423       7.564825    
        1055   5.025434       25.25498    
        1056   4.670453       21.81313    
        1057   2.746292       7.542122    
        1058   4.775469       22.80511    
        1059   6.109521       37.32624    
        1060   3.952518       15.62240    
        1061   6.624469       43.88359    
        1062   5.083350       25.84045    
        1063   5.791803       33.54499    
        1064   4.621594       21.35913    
        1065   5.453239       29.73781    
        1066   7.358255       54.14392    
        1067   5.574771       31.07807    
        1068   4.676273       21.86753    
        1069   5.083074       25.83764    
        1070   4.162313       17.32485    
        1071   4.941339       24.41684    
        1072   6.450323       41.60667    
        1073   5.916055       34.99971    
        1074   4.674477       21.85073    
        1075   3.487206       12.16061    
        1076   3.922133       15.38313    
        1077   4.780668       22.85479    
        1078   4.962156       24.62299    
        1079   4.637239       21.50399    
        1080   2.651454       7.030208    
        1081   6.112667       37.36470    
        1082   3.983656       15.86952    
        1083   5.535619       30.64308    
        1084   4.912211       24.12982    
        1085   5.687260       32.34492    
        1086   5.824041       33.91945    
        1087   3.327297       11.07091    
        1088   3.899356       15.20498    
        1089   4.238690       17.96650    
        1090   4.309323       18.57026    
        1091   1.851688       3.428747    
        1092   5.016322       25.16348    
        1093   4.302516       18.51164    
        1094   2.768497       7.664577    
        1095   5.187786       26.91312    
        1096   4.332911       18.77411    
        1097   2.426706       5.888902    
        1098   4.075992       16.61371    
        1099   5.089509       25.90311    
        1100   5.560647       30.92079    
        1101   4.822914       23.26050    
        1102   5.625502       31.64627    
        1103   5.088353       25.89133    
        1104   3.930424       15.44823    
        1105   2.113386       4.466399    
        1106   4.665655       21.76834    
        1107   3.733009       13.93536    
        1108   3.616426       13.07854    
        1109   5.639223       31.80084    
        1110   3.658431       13.38412    
        1111   5.269784       27.77063    
        1112   3.549398       12.59822    
        1113   4.801969       23.05890    
        1114   3.896564       15.18321    
        1115   6.282829       39.47394    
        1116   2.066350       4.269803    
        1117   4.522615       20.45405    
        1118   3.042188       9.254910    
        1119   2.550294       6.504000    
        1120   4.587487       21.04504    
        1121   5.496984       30.21683    
        1122   3.369768       11.35534    
        1123   4.553169       20.73135    
        1124   4.192178       17.57435    
        1125   5.983243       35.79920    
        1126   4.632225       21.45750    
        1127   5.254217       27.60679    
        1128   3.518610       12.38061    
        1129   4.653191       21.65218    
        1130   3.520335       12.39276    
        1131   5.907506       34.89862    
        1132   4.448879       19.79252    
        1133   3.713545       13.79041    
        1134   4.100821       16.81674    
        1135   5.057626       25.57958    
        1136   2.698366       7.281181    
        1137   5.009557       25.09566    
        1138   3.875834       15.02209    
        1139   3.604972       12.99582    
        1140   5.654160       31.96953    
        1141   1.671975       2.795499    
        1142   4.910522       24.11323    
        1143   5.864397       34.39115    
        1144   3.616818       13.08137    
        1145   4.659186       21.70802    
        1146   5.914142       34.97708    
        1147   3.656832       13.37242    
        1148   2.907942       8.456125    
        1149   6.661427       44.37461    
        1150   2.453094       6.017670    
        1151   2.221446       4.934822    
        1152   4.187747       17.53722    
        1153   6.608527       43.67263    
        1154   3.821204       14.60160    
        1155   3.604398       12.99169    
        1156   4.769109       22.74440    
        1157   4.928797       24.29304    
        1158   4.691597       22.01108    
        1159   5.012658       25.12674    
        1160   5.520859       30.47989    
        1161   3.244241       10.52510    
        1162   3.991116       15.92900    
        1163   4.845536       23.47922    
        1164   5.665387       32.09661    
        1165   4.802718       23.06610    
        1166   4.858582       23.60581    
        1167   4.105331       16.85375    
        1168   3.671723       13.48155    
        1169   3.252355       10.57781    
        1170   4.224666       17.84780    
        1171   5.962393       35.55014    
        1172   5.091641       25.92480    
        1173   3.394290       11.52120    
        1174   4.850029       23.52278    
        1175   2.033009       4.133127    
        1176   5.713745       32.64688    
        1177   4.854302       23.56425    
        1178   3.816281       14.56400    
        1179   2.617418       6.850875    
        1180   1.989578       3.958421    
        1181   4.901720       24.02686    
        1182   5.335551       28.46810    
        1183   4.565471       20.84352    
        1184   4.388106       19.25547    
        1185   3.034180       9.206248    
        1186   2.723950       7.419903    
        1187   5.563110       30.94819    
        1188   5.152754       26.55087    
        1189   3.830165       14.67017    
        1190   5.799059       33.62909    
        1191   2.137722       4.569854    
        1192   2.242049       5.026782    
        1193   4.519420       20.42516    
        1194   4.210813       17.73095    
        1195   5.564290       30.96132    
        1196   3.478903       12.10277    
        1197   3.659588       13.39258    
        1198   4.959076       24.59244    
        1199   3.810276       14.51820    
        1200   5.568336       31.00637    
        1201   3.853981       14.85317    
        1202   2.595919       6.738796    
        1203   3.091624       9.558139    
        1204   5.461607       29.82916    
        1205   5.518942       30.45872    
        1206   4.641258       21.54128    
        1207   2.848936       8.116436    
        1208   5.562860       30.94541    
        1209   3.158852       9.978346    
        1210   4.226095       17.85987    
        1211   5.040284       25.40447    
        1212   1.816729       3.300503    
        1213   4.679082       21.89381    
        1214   2.970083       8.821394    
        1215   3.186857       10.15606    
        1216   4.168122       17.37324    
        1217   4.584035       21.01338    
        1218   4.741207       22.47904    
        1219   5.318071       28.28188    
        1220   5.807297       33.72470    
        1221   5.421214       29.38956    
        1222   2.737944       7.496338    
        1223   5.213994       27.18574    
        1224   5.764428       33.22863    
        1225   4.509688       20.33728    
        1226   5.963269       35.56057    
        1227   2.445478       5.980364    
        1228   5.860139       34.34124    
        1229   5.458449       29.79467    
        1230   3.759827       14.13630    
        1231   4.809262       23.12900    
        1232   2.911400       8.476252    
        1233   3.674939       13.50518    
        1234   4.182285       17.49151    
        1235   4.226218       17.86091    
        1236   3.596009       12.93128    
        1237   2.057801       4.234546    
        1238   5.809673       33.75230    
        1239   2.695804       7.267360    
        1240   5.643129       31.84491    
        1241   1.345505       1.810385    
        1242   5.905329       34.87291    
        1243   5.362850       28.76015    
        1244   4.279724       18.31604    
        1245   4.331217       18.75944    
        1246   6.197259       38.40602    
        1247   5.947127       35.36832    
        1248   4.097107       16.78628    
        1249   3.763566       14.16443    
        1250   4.087885       16.71081    
        1251   3.844495       14.78015    
        1252   4.979768       24.79809    
        1253   3.285379       10.79371    
        1254   6.567081       43.12655    
        1255   3.033075       9.199542    
        1256   3.241745       10.50891    
        1257   6.698266       44.86677    
        1258   2.222149       4.937946    
        1259   3.901533       15.22196    
        1260   4.417608       19.51526    
        1261   3.543345       12.55530    
        1262   4.293930       18.43784    
        1263   4.693493       22.02888    
        1264   3.571807       12.75781    
        1265   4.370151       19.09821    
        1266   4.807570       23.11274    
        1267   4.620693       21.35081    
        1268   4.098198       16.79523    
        1269   5.341674       28.53349    
        1270   2.904308       8.435008    
        1271   5.690624       32.38321    
        1272   4.031219       16.25073    
        1273   4.112152       16.90979    
        1274   3.885365       15.09606    
        1275   4.460825       19.89896    
        1276   3.521741       12.40266    
        1277   5.776811       33.37155    
        1278   4.758182       22.64030    
        1279   5.139923       26.41881    
        1280   4.200599       17.64503    
        1281   3.927067       15.42185    
        1282   2.335793       5.455927    
        1283   6.556798       42.99160    
        1284   3.287256       10.80605    
        1285   3.790026       14.36430    
        1286   4.011968       16.09588    
        1287   3.641863       13.26316    
        1288   4.654047       21.66015    
        1289   3.212755       10.32179    
        1290   3.056990       9.345186    
        1291   4.396557       19.32971    
        1292   5.080937       25.81592    
        1293   5.438533       29.57764    
        1294   4.744219       22.50762    
        1295   3.915654       15.33235    
        1296   4.412855       19.47329    
        1297   4.599875       21.15886    
        1298   3.942459       15.54298    
        1299   2.498050       6.240254    
        1300   5.930748       35.17378    
        1301   4.335139       18.79343    
        1302   4.073670       16.59479    
        1303   2.562858       6.568241    
        1304   5.581379       31.15180    
        1305   5.144977       26.47079    
        1306   4.300252       18.49217    
        1307   5.379736       28.94156    
        1308   5.018037       25.18069    
        1309   4.164656       17.34436    
        1310   6.432030       41.37101    
        1311   5.860009       34.33971    
        1312   5.667942       32.12556    
        1313   4.415800       19.49929    
        1314   5.664481       32.08635    
        1315   2.657996       7.064940    
        1316   2.718690       7.391277    
        1317   4.047014       16.37832    
        1318   6.187628       38.28674    
        1319   6.157985       37.92078    
        1320   4.724110       22.31721    
        1321   3.317755       11.00750    
        1322   4.553908       20.73808    
        1323   3.343940       11.18193    
        1324   3.975935       15.80806    
        1325   3.780348       14.29103    
        1326   3.560404       12.67647    
        1327   4.094890       16.76812    
        1328   5.938045       35.26037    
        1329   4.111401       16.90362    
        1330   3.460550       11.97541    
        1331   5.799207       33.63080    
        1332   2.821701       7.961994    
        1333   4.749156       22.55449    
        1334   3.004756       9.028557    
        1335   3.639074       13.24286    
        1336   3.946195       15.57246    
        1337   4.270753       18.23933    
        1338   2.434470       5.926643    
        1339   3.444664       11.86571    
        1340   3.983817       15.87080    
        1341   5.433753       29.52567    
        1342   4.382008       19.20199    
        1343   4.844151       23.46580    
        1344   2.424436       5.877889    
        1345   3.149139       9.917075    
        1346   4.500662       20.25596    
        1347   5.998447       35.98137    
        1348   3.935989       15.49201    
        1349   4.176361       17.44199    
        1350   3.509909       12.31946    
        1351   5.323168       28.33612    
        1352   4.155069       17.26460    
        1353   6.249997       39.06246    
        1354   4.370497       19.10125    
        1355   6.196272       38.39378    
        1356   3.950873       15.60940    
        1357   7.804887       60.91626    
        1358   5.882118       34.59932    
        1359   2.726836       7.435637    
        1360   5.431430       29.50044    
        1361   5.378306       28.92618    
        1362   3.610516       13.03583    
        1363   4.083746       16.67699    
        1364   5.115458       26.16792    
        1365   4.429724       19.62246    
        1366   5.349531       28.61748    
        1367   5.099555       26.00546    
        1368   6.587020       43.38884    
        1369   3.615139       13.06923    
        1370   5.021185       25.21230    
        1371   4.712591       22.20852    
        1372   2.699737       7.288578    
        1373   4.631194       21.44796    
        1374   3.666580       13.44381    
        1375   4.827413       23.30392    
        1376   2.209644       4.882527    
        1377   4.737972       22.44838    
        1378   6.523455       42.55546    
        1379   4.646676       21.59159    
        1380   3.536033       12.50353    
        1381   5.217147       27.21863    
        1382   5.411124       29.28026    
        1383   4.982314       24.82345    
        1384   4.138975       17.13111    
        1385   2.267732       5.142609    
        1386   2.263126       5.121740    
        1387   3.304342       10.91867    
        1388   4.019615       16.15731    
        1389   5.305918       28.15277    
        1390   4.824904       23.27970    
        1391   6.262673       39.22108    
        1392   5.656180       31.99238    
        1393   4.109094       16.88465    
        1394   4.980164       24.80203    
        1395   3.749506       14.05879    
        1396   5.666526       32.10951    
        1397   4.632957       21.46429    
        1398   3.988909       15.91140    
        1399   5.261572       27.68414    
        1400   3.522290       12.40652    
        1401   4.035602       16.28608    
        1402   4.951624       24.51858    
        1403   3.235480       10.46833    
        1404   5.136121       26.37974    
        1405   5.009319       25.09328    
        1406   1.744044       3.041691    
        1407   3.690320       13.61846    
        1408   3.046544       9.281427    
        1409   4.030832       16.24760    
        1410   4.007899       16.06326    
        1411   3.627737       13.16048    
        1412   4.058859       16.47433    
        1413   3.893182       15.15687    
        1414   3.717539       13.82010    
        1415   3.363212       11.31119    
        1416   5.856091       34.29380    
        1417   4.627222       21.41118    
        1418   5.005828       25.05832    
        1419   4.062870       16.50691    
        1420   3.321890       11.03495    
        1421   3.791115       14.37255    
        1422   4.496979       20.22282    
        1423   2.857048       8.162723    
        1424   4.682530       21.92609    
        1425   4.669787       21.80691    
        1426   4.572372       20.90659    
        1427   3.369376       11.35269    
        1428   2.683217       7.199653    
        1429   4.043959       16.35361    
        1430   5.674507       32.20004    
        1431   3.417475       11.67913    
        1432   3.658948       13.38790    
        1433   4.644711       21.57335    
        1434   5.915196       34.98955    
        1435   2.670532       7.131743    
        1436   3.554927       12.63751    
        1437   2.487770       6.188998    
        1438   3.273192       10.71379    
        1439   2.870339       8.238847    
        1440   4.859165       23.61148    
        1441   4.368918       19.08745    
        1442   4.478552       20.05743    
        1443   3.175699       10.08506    
        1444   5.477487       30.00286    
        1445   5.132159       26.33906    
        1446   5.169347       26.72215    
        1447   4.032779       16.26331    
        1448   4.826903       23.29899    
        1449   2.694738       7.261612    
        1450   2.683311       7.200161    
        1451   3.274440       10.72196    
        1452   5.925559       35.11225    
        1453   3.311923       10.96883    
        1454   6.797938       46.21196    
        1455   5.098044       25.99006    
        1456   2.866390       8.216189    
        1457   6.077988       36.94194    
        1458   5.745489       33.01064    
        1459   6.258238       39.16554    
        1460   4.718672       22.26586    
        1461   3.366193       11.33126    
        1462   5.981840       35.78241    
        1463   6.560801       43.04411    
        1464   5.750082       33.06345    
        1465   3.351940       11.23550    
        1466   5.367229       28.80715    
        1467   4.429326       19.61893    
        1468   5.820820       33.88195    
        1469   5.290499       27.98938    
        1470   5.345925       28.57891    
        1471   3.436335       11.80840    
        1472   3.972158       15.77804    
        1473   4.307026       18.55048    
        1474   5.362572       28.75718    
        1475   5.312652       28.22428    
        1476   5.594871       31.30258    
        1477   3.500941       12.25659    
        1478   3.098958       9.603539    
        1479   5.458341       29.79349    
        1480   4.891578       23.92753    
        1481   5.449306       29.69494    
        1482   3.981443       15.85189    
        1483   4.300158       18.49136    
        1484   6.748626       45.54396    
        1485   4.937536       24.37926    
        1486   5.281144       27.89049    
        1487   5.365166       28.78500    
        1488   3.394502       11.52264    
        1489   4.309691       18.57344    
        1490   4.512812       20.36547    
        1491   3.870171       14.97823    
        1492   4.019732       16.15824    
        1493   4.475492       20.03002    
        1494   5.593943       31.29220    
        1495   2.613125       6.828422    
        1496   4.778823       22.83716    
        1497   4.518526       20.41708    
        1498   4.616172       21.30905    
        1499   2.469446       6.098164    
        1500   4.681324       21.91480    
