   6.795631    
   5.185654    
   2.020141    
   2.556860    
   5.823123    
   1.286882    
   6.250669    
   1.771204    
   10.98250    
   10.87414    
   4.056602    
   6.500125    
   5.106006    
   1.409986    
  0.3043747    
   9.480557    
   1.429597    
   4.402101    
   2.166993    
   7.190332    
   5.501911    
   6.839321    
   5.791373    
  0.2161303    
   4.261360    
  0.5992460    
   7.246249    
   4.660828    
   11.09975    
   8.942580    
   10.37705    
   2.317642    
   4.529483    
   5.224957    
   8.255469    
   9.972137    
   1.415976    
   2.151648    
   2.995386    
   4.783967    
   2.067908    
   7.457604    
   5.349057    
   4.518292    
   2.341639    
   1.890985    
   5.027784    
   6.171886    
   4.680738    
   2.931772    
   4.300633    
   2.827991    
   8.730500    
   4.152139    
   1.745469    
   11.58385    
   2.543425    
   3.081743    
  4.9276352E-03
   3.701700    
  6.3081741E-02
  0.6481333    
   5.433865    
   1.258572    
   9.159487    
   16.12135    
   2.106920    
   2.295983    
  0.4079590    
   4.939574    
   6.514222    
   6.020488    
   10.07907    
   3.551654    
  0.6545553    
   6.228299    
   13.37646    
   2.162823    
   4.784283    
   4.985371    
   9.730587    
  0.6952477    
   4.659589    
   2.760163    
  0.6634741    
   3.775700    
   3.456334    
   2.885002    
   2.249378    
   7.013327    
   1.996429    
   2.770452    
   1.977721    
   1.976633    
   2.301782    
   8.203405    
   10.41255    
   1.064353    
   10.50321    
   5.686423    
  0.2053585    
   2.574474    
   3.473096    
   7.160675    
   6.331843    
   3.084380    
   4.129236    
   2.608751    
   3.673038    
  0.6908922    
   3.178664    
   11.48110    
   8.662033    
  0.4146662    
   2.481460    
   5.690193    
  0.6648750    
   6.402897    
   8.722847    
   1.741034    
   7.406136    
   9.430190    
   3.833547    
   5.200673    
   3.043329    
   1.120770    
   2.699146    
   9.268067    
   6.529357    
   3.763550    
   6.330095    
  0.5999203    
   1.124283    
   4.710351    
   7.635300    
   4.224247    
   4.402323    
   9.006663    
   1.060474    
   3.875018    
  0.6508598    
   6.116186    
   1.777112    
   3.865019    
   4.049605    
   5.920938    
  0.6923943    
   9.764870    
  0.4746923    
   1.014731    
   2.788958    
   6.443130    
   5.321866    
   7.057249    
   6.450650    
   2.620652    
   8.622122    
  0.1805372    
   3.727369    
   6.427648    
   3.606915    
  0.8407688    
   3.355767    
   6.099388    
   4.668756    
   2.925756    
   2.404627    
   1.661472    
   8.309300    
   6.466412    
  0.8934937    
   6.411483    
  0.5271969    
   1.498765    
   3.766696    
  0.8245096    
   6.869006    
   4.670536    
   13.55245    
   1.749858    
   4.219567    
   5.684606    
   10.30009    
   4.897493    
   6.577693    
   8.000705    
   1.207640    
  0.8937559    
   1.194706    
  0.5657392    
   3.440484    
   4.897895    
   8.276754    
   1.960133    
   6.146728    
   5.899382    
   7.216578    
  8.5124016E-02
   1.993978    
  1.1487961E-02
   9.026564    
   6.748040    
  0.1753635    
   2.452480    
   13.04004    
  0.3903036    
   1.265358    
   11.72796    
   5.477387    
   3.586699    
  0.9224539    
   7.823583    
  0.2087688    
   1.927863    
   1.440427    
   6.750543    
   9.294579    
  0.8047209    
   8.253841    
   1.628873    
   9.931071    
   4.665301    
   4.999766    
   4.066364    
   9.778728    
   4.785223    
   8.515195    
   1.456647    
  0.1521235    
   6.736289    
   4.885141    
  0.2275572    
   5.657356    
  0.8159561    
   10.66736    
   5.526380    
  0.5118504    
   6.149517    
   7.223923    
   6.993305    
   8.525171    
   2.225368    
   1.122820    
  0.2209330    
   3.295126    
   4.128688    
   3.804282    
   1.619705    
   6.917804    
   16.94250    
  0.4177790    
   9.194620    
   1.210006    
   10.41822    
  0.5256834    
   1.171572    
   4.888563    
   3.859407    
   3.800178    
   7.502783    
   3.506415    
   7.008084    
   3.311119    
   5.236692    
   4.281226    
   7.544393    
   6.706159    
  0.9690046    
  0.8647718    
   7.395060    
   3.647625    
   5.986747    
   2.656784    
  0.7248135    
   3.217919    
  0.2778168    
   7.034272    
   3.359741    
   3.496722    
   4.344259    
   2.096604    
   1.100784    
   3.288116    
   4.291248    
   6.391660    
   5.372972    
   6.846427    
   2.694812    
   7.078017    
   4.401823    
   5.643901    
   5.330741    
   9.520224    
  0.1630726    
   4.737185    
   1.071480    
   3.868204    
   2.487747    
   6.963378    
   3.032005    
   9.575895    
  0.4909306    
   4.202065    
  0.9092054    
   9.734061    
   2.411818    
   5.126091    
   1.145879    
  0.5979853    
   4.883533    
  0.9542818    
   1.320803    
  0.4640236    
   5.887753    
  0.7128086    
   3.621976    
   2.266209    
   1.102894    
   4.587782    
   2.180875    
   1.057515    
   7.400856    
  0.3082333    
   5.919585    
  0.8343906    
   11.35247    
   2.515504    
   1.025820    
   3.576276    
   6.589373    
   5.714952    
  0.1926460    
  0.2529325    
   1.082736    
   3.624889    
   2.075964    
   1.536658    
   1.715097    
   1.553658    
   1.838994    
   2.889761    
   3.281602    
   7.267704    
   6.183690    
   5.776314    
   4.003846    
   2.296578    
  3.6562920E-02
   5.260277    
   1.878804    
   5.036984    
  1.3687134E-02
   4.427840    
  0.3425760    
   2.126557    
   6.639212    
   3.675735    
   5.128623    
  0.5289326    
   1.669642    
   2.737549    
   3.139165    
   3.856480    
   3.892519    
  0.1763353    
   5.902767    
   10.06258    
  0.7752552    
   1.238156    
   5.380422    
  0.9012542    
   1.023039    
  0.1945038    
   2.015747    
   9.250102    
   5.002384    
   4.041388    
   9.326630    
   1.484583    
   1.065738    
   4.260572    
   7.274189    
   4.492331    
   1.872353    
   3.860266    
   4.722332    
   3.898637    
   4.326528    
   9.431629    
   2.577368    
   7.405840    
   1.357651    
   2.036485    
   2.777502    
   8.165129    
   2.624951    
   1.859918    
   4.503731    
  0.1476135    
   2.042934    
   6.893409    
   8.137250    
  0.9996042    
  0.3021336    
   1.821033    
   2.458983    
   4.433255    
  0.6892128    
   4.307920    
  3.3130646E-03
  0.2143650    
   11.54979    
   2.776992    
   2.852678    
   2.531144    
   3.746829    
   3.691284    
   9.777592    
  0.5832100    
   7.235062    
   3.301610    
   11.08131    
   3.115797    
   2.847061    
   11.62164    
   3.259386    
   4.944025    
   2.990780    
   7.083821    
   10.58905    
   1.480350    
   3.504100    
   2.138205    
   3.716209    
   2.896283    
   4.510947    
   2.203974    
   3.860865    
   7.350854    
   9.327442    
   3.979069    
   1.339138    
   10.68834    
  0.4314260    
   3.137406    
   1.824411    
   3.858971    
   4.483839    
   6.405579    
   8.814172    
   8.974200    
   6.064174    
  0.1484661    
   1.231215    
   7.410366    
   2.121058    
  0.3752050    
   9.578636    
   8.675607    
   8.169537    
   4.081724    
   1.872958    
  0.6993198    
   5.397878    
  0.5615549    
   7.463184    
   13.91816    
   2.444613    
   2.963788    
   1.106793    
  0.6912336    
   2.750514    
   3.164407    
  0.7778606    
  0.2703810    
   1.994176    
   11.95079    
   2.342422    
   2.590839    
   1.240040    
   12.09747    
   6.355080    
   5.961167    
  0.9315352    
   1.606506    
   5.029939    
   10.29236    
  0.1374702    
   3.552609    
   6.014643    
   1.201525    
   6.390597    
   6.557792    
   1.790844    
   4.768519    
  0.7819948    
  0.2281880    
  0.7016535    
   4.466928    
   3.357667    
  0.6756735    
   2.158121    
   2.289245    
   3.914081    
   4.949218    
   4.053349    
   2.287575    
   4.916543    
   6.581167    
   2.880602    
   1.473808    
  0.2164288    
   5.298257    
   2.722357    
   4.852139    
   2.401067    
   3.361315    
   9.002897    
   4.027712    
   5.089865    
   1.979413    
  0.8206472    
   7.536978    
   2.431141    
   2.723320    
  7.5473785E-02
   3.667307    
   3.111588    
   5.117867    
   2.589643    
   6.401514    
   3.819468    
   4.773332    
   5.600217    
   3.840948    
   5.626704    
  0.8440456    
   5.542150    
   3.063348    
   1.641949    
   4.357407    
   2.369160    
   6.256128    
   13.51998    
   10.66643    
   4.937966    
   5.535697    
  0.9849415    
   14.67874    
   1.625357    
   2.598899    
  0.4241781    
   3.727103    
  0.9562578    
   2.136287    
   2.693352    
   5.507365    
  7.1815014E-02
   2.579687    
   1.232676    
   2.214781    
   9.946898    
  0.2260303    
   7.973251    
   5.290719    
   1.005613    
   6.169234    
   4.541181    
   4.100526    
   2.059197    
   3.352020    
   9.407222    
   1.417117    
   7.944755    
   7.564958    
   4.125843    
   4.587288    
   1.012025    
   2.695824    
   2.965239    
   1.708885    
   3.068952    
   6.320912    
   1.601257    
  0.8121881    
   1.877246    
   6.356018    
  8.9561462E-02
   2.285557    
  0.4640017    
   6.052494    
   12.67243    
   5.951573    
   1.015586    
   2.391780    
   6.057268    
   2.761067    
  0.2448530    
   1.331893    
   11.05504    
   1.641293    
   7.704223    
  7.9777241E-02
   6.042442    
   7.926533    
   5.570712    
   1.874312    
   5.632345    
   4.450653    
   1.375196    
   3.637347    
  0.8173552    
   4.302721    
   7.946257    
   2.122237    
   3.841432    
   3.220849    
   6.416946    
   1.336519    
  0.4316702    
   4.465395    
   3.983394    
   4.460335    
  0.5535097    
   6.224054    
   1.164342    
  0.8669147    
  0.2019243    
   6.463269    
   4.555120    
   3.070544    
   1.750340    
   9.439758    
   3.234979    
   6.291063    
   2.824440    
   1.306384    
   6.379067    
   3.737329    
   3.711992    
   2.835608    
   2.153422    
   1.425939    
   9.491070    
   2.542947    
   5.293098    
   1.558657    
   12.00093    
   5.591604    
   1.683787    
   2.771846    
   3.048384    
   3.394607    
   3.583113    
   3.092322    
   5.128700    
  0.5033932    
   5.758410    
   5.769555    
   1.809265    
   2.700907    
   1.190626    
   1.613844    
   11.19176    
   7.704059    
   3.294673    
   2.330926    
   6.736019    
   4.996169    
   3.006955    
   3.351409    
  6.2623978E-02
   8.139643    
   6.752530    
   3.772803    
   4.993302    
   7.530438    
   8.646244    
   4.241815    
   4.261026    
   9.444527    
   6.265864    
   7.422777    
   9.591366    
   5.440340    
   1.936332    
   4.750562    
   1.765571    
  4.1176796E-02
   7.962030    
   2.720514    
   7.414948    
   1.145948    
   1.450047    
   2.269843    
   2.823253    
   5.017134    
   1.370093    
   2.064529    
   1.205577    
  9.6427917E-02
   6.513099    
   3.059662    
   2.244916    
   5.340990    
  0.6341362    
   10.58225    
   3.166438    
   3.986991    
   5.571297    
   4.365203    
   5.071798    
   5.263617    
   6.575185    
   4.385789    
  0.1639223    
  0.8463840    
   6.429676    
   3.601192    
   4.572602    
   3.697238    
  0.2088184    
   5.601039    
   4.461053    
   6.394335    
   3.674120    
   2.792358    
  0.3015728    
   10.68708    
   5.368278    
   1.753843    
   3.801533    
   3.294765    
   14.11054    
   1.686676    
   11.06761    
   9.632929    
   5.815714    
   6.380975    
   5.380939    
   6.227441    
   8.151339    
   2.227517    
   4.811277    
   3.801252    
   1.276137    
   4.840799    
   4.853150    
   2.536036    
   3.383283    
   3.635664    
   2.172090    
   6.534001    
   6.793958    
  0.4430361    
   1.921697    
   10.32714    
   4.368770    
   3.023296    
   3.992905    
  0.8991213    
  0.3214178    
   1.012781    
   2.773456    
  0.2203197    
   5.402622    
   5.925361    
  0.5647974    
   10.06498    
   3.741465    
   2.764872    
   5.265558    
   7.958521    
   8.113574    
   4.313353    
  0.6930046    
   1.567897    
   4.417448    
   1.274389    
   10.02971    
   5.075521    
   4.710093    
   1.346141    
   7.522176    
   6.463637    
   10.09921    
   3.296659    
   3.803037    
   7.322328    
   8.666353    
   1.794741    
   4.339606    
   1.533284    
   3.319986    
   6.525928    
   4.839966    
   1.917489    
   3.410446    
   8.142160    
   1.619759    
   2.658371    
   6.889128    
   5.300304    
   6.346797    
   2.170587    
   1.956930    
   2.883409    
   4.444143    
   1.879059    
   10.68239    
   11.13668    
   5.861234    
   7.953064    
   4.829996    
   2.721823    
   7.111382    
   3.589374    
   2.194590    
   8.609872    
   1.091123    
   5.366116    
   2.313831    
   6.386956    
   12.37380    
   5.465006    
   9.249560    
  0.6623993    
   11.48361    
  0.7415123    
   10.32636    
   1.662848    
   4.834192    
   2.603071    
   3.932494    
  7.3814392E-04
  0.3619652    
   1.681871    
   9.440334    
   1.957797    
   1.094563    
   2.609261    
   6.253535    
   4.649132    
   7.911264    
  0.2801914    
  0.4273548    
   4.377088    
   2.032312    
   2.606153    
   3.868917    
   2.454458    
   3.008815    
   11.75042    
  0.2001963    
   2.318163    
   5.128973    
   2.420111    
   10.06106    
   3.140731    
   1.295993    
   2.094443    
   3.941388    
   8.952637    
   3.107494    
   4.047409    
   1.291124    
   2.031334    
   4.327700    
   9.126441    
  0.4345427    
   4.757153    
   12.83835    
   2.363844    
   3.566318    
   3.944032    
  0.5999174    
   2.962199    
   2.292536    
   2.705258    
   1.516960    
   6.346909    
   2.413511    
   2.695645    
   1.357553    
   4.095952    
   9.875383    
   8.526561    
   2.083100    
   1.133020    
   8.906724    
   1.592531    
   2.921819    
   3.630441    
   4.998654    
   9.051713    
   6.678482    
   4.986844    
   9.764380    
   3.384019    
  0.9169350    
   2.590811    
   3.187523    
   5.353759    
  0.6882153    
  0.5873003    
   5.641912    
   13.07065    
   12.13904    
   5.439272    
   6.125916    
   10.15066    
   1.521755    
   7.328891    
   7.977623    
  0.5968161    
   6.673180    
   5.679509    
   5.885610    
   3.089184    
   1.171762    
   2.162424    
  0.4344034    
   6.210245    
  0.2119379    
   10.10111    
   12.78770    
   3.301310    
   7.913917    
   1.990273    
   2.575163    
  0.9821310    
   7.451855    
   9.524842    
   5.985081    
   6.263790    
   2.411982    
   7.795875    
  0.9485655    
   6.209233    
   8.287401    
   7.792651    
   10.36969    
   7.995473    
   3.808637    
   2.515515    
  0.8327456    
   3.121030    
   8.778639    
   3.029822    
   9.400120    
  0.4465551    
  0.2156105    
   6.498117    
   9.895947    
   5.271948    
   2.580285    
   2.101580    
   5.757634    
   8.247075    
   7.845008    
   2.780063    
  0.2466736    
   8.096939    
   3.936162    
   2.601003    
   7.846759    
   1.684991    
   1.813043    
   2.871887    
   3.597017    
   14.25751    
   7.641053    
   3.840982    
   3.397491    
   1.923863    
   1.981860    
   4.410789    
   2.783754    
   1.921547    
  0.9366856    
   6.066653    
   4.632216    
   2.027640    
   4.607895    
   1.621169    
   5.898272    
   2.252647    
   12.42189    
   1.701636    
   9.464928    
   7.779518    
  4.1991234E-02
   2.122881    
   15.99811    
   5.857018    
   4.590274    
   1.138318    
   2.886579    
   9.306862    
   2.846449    
   2.594450    
   1.621566    
  0.8414831    
   2.335069    
   2.536942    
   6.043841    
   2.068325    
   4.551649    
   1.605808    
   11.14170    
   5.175605    
  0.1237507    
   4.220076    
   1.001000    
   4.348916    
   8.064717    
   5.040209    
   1.872763    
   5.144689    
   3.429841    
   1.534129    
   1.686874    
   4.034353    
   1.483437    
   3.451596    
   2.553564    
   2.592391    
   5.870803    
   5.496645    
   4.148529    
   7.788486    
   4.792137    
   8.933714    
   7.228391    
  0.5920467    
   7.883001    
  0.3164787    
   2.628279    
   4.903780    
   5.001682    
   8.978949    
   4.168407    
   1.475520    
   6.529722    
   3.095510    
   4.234914    
   2.706039    
   6.740415    
   5.919663    
   3.564955    
   2.993739    
   1.956223    
   4.755910    
   6.901826    
   6.914475    
   2.508210    
   4.373209    
   1.955848    
  0.2815619    
   2.939044    
   6.689043    
   2.773556    
   1.333413    
   2.914966    
   6.311084    
   8.769541    
   7.370648    
   7.205684    
   6.530839    
   2.772860    
  5.2783012E-02
   2.851501    
  0.7199583    
   4.220503    
   2.650684    
   8.755807    
  0.5117569    
  0.6717596    
   2.045176    
   8.221074    
   3.507762    
   1.817751    
   1.829241    
   2.813113    
   9.033504    
   3.663365    
   5.993066    
   2.755572    
   1.217565    
  0.2451868    
   4.265060    
   2.916025    
   5.328494    
   5.260020    
   1.840893    
   2.650669    
  0.3680878    
   12.11675    
   5.740601    
  0.8999548    
   5.323973    
   5.088859    
   1.426322    
   1.863909    
   7.787515    
   4.503261    
   6.748123    
   5.080626    
   1.410833    
   12.48000    
   3.538077    
   8.505402    
   5.556858    
   7.006112    
   1.268875    
   6.182216    
   2.521832    
   3.561267    
   4.247221    
   13.17148    
   1.789199    
   10.19301    
   4.118483    
   5.007846    
   5.532158    
   6.328842    
   5.304193    
   7.816994    
   4.611476    
  0.6065445    
   4.150831    
  0.4351940    
  0.6345568    
   2.726643    
   4.623559    
   1.368148    
   4.872128    
   4.150899    
   5.000455    
   4.685531    
   3.784923    
   3.946565    
   7.641318    
   1.070019    
   2.600056    
   7.636246    
  0.6991253    
   7.492083    
   7.041503    
   6.358126    
   4.369587    
   7.067399    
  3.5946846E-02
   1.711480    
   8.533609    
   4.681745    
   4.397668    
   9.391153    
   2.223964    
   14.91514    
   7.555064    
   8.970798    
   2.931252    
   6.229007    
   6.715273    
   1.150763    
   3.546088    
  0.9556799    
   6.049000    
   1.957033    
   5.589418    
   1.260819    
  0.4139719    
   1.072146    
  0.8019896    
   4.267062    
   1.830256    
   1.487560    
   7.498897    
   2.855774    
   2.986764    
   2.684213    
   5.059230    
   1.948685    
   3.341663    
   3.112289    
  5.3133011E-02
   11.21039    
  0.5995684    
   7.689699    
   4.098095    
   5.440613    
  0.3613443    
   1.895518    
  0.4938874    
   7.342591    
   2.967450    
   8.143028    
   8.435528    
   4.828397    
   5.013647    
   1.196107    
   4.830091    
   1.307147    
   5.045103    
  0.5518045    
   3.232910    
   6.921032    
   2.762750    
   10.68345    
  0.6603088    
   3.083041    
   1.030198    
   8.055553    
   6.457109    
   3.924473    
   6.472649    
   5.168118    
  0.6946669    
   3.853901    
   5.369522    
  0.4286003    
   1.026117    
   1.695110    
   12.47860    
   2.248241    
   3.144534    
   11.33014    
   1.276827    
  0.2311196    
   7.233778    
   3.131190    
   2.258531    
   8.903172    
   1.904108    
   6.578979    
   5.450953    
   8.345345    
   7.689764    
   7.086321    
   6.848869    
   7.337313    
   9.008514    
   4.572200    
   5.419610    
   2.973232    
   5.705495    
   7.676602    
   7.915111    
   1.384861    
  0.1748734    
   1.129344    
   4.416628    
   5.377095    
   3.377895    
   4.422439    
   8.291974    
   6.744989    
   2.186992    
  0.5747356    
   8.436090    
   1.177677    
   5.719755    
   2.258560    
   5.248480    
   9.255650    
  0.4015799    
   7.624455    
  0.2296581    
  0.2909832    
   3.646882    
   2.898816    
   2.122990    
   4.606111    
   10.01447    
   10.84470    
   3.552341    
   1.645185    
   1.981393    
   3.741694    
  0.2669926    
   10.97289    
   1.227109    
   2.839898    
   3.571367    
   3.451762    
   1.352546    
   4.096543    
   3.931825    
   4.820624    
   6.333436    
   2.007544    
   1.091956    
  0.2337627    
   5.198493    
  3.8424492E-02
   5.682547    
   1.645404    
  0.9546804    
   2.005086    
   3.117503    
   6.024375    
   3.104466    
   2.890386    
   1.087029    
   3.391627    
  0.5833912    
   8.088629    
  0.7459822    
   5.406983    
   2.936542    
   5.255644    
   1.935329    
  0.9095631    
   2.631596    
  0.7075720    
   3.884755    
   6.976233    
   5.458383    
   3.283729    
   8.221429    
   4.473229    
  0.7941532    
   10.87620    
   7.742849    
   2.965322    
   5.703518    
   2.038335    
   4.203197    
   1.358806    
   3.614071    
   5.275750    
   2.569001    
   4.014436    
  0.4171724    
   13.56816    
   2.456202    
   3.823110    
   3.943099    
  0.6089144    
   4.928949    
   4.389639    
   3.612413    
   4.894907    
  0.9257631    
   10.24160    
   5.211312    
   3.985218    
   2.013166    
   6.002152    
   4.590824    
   4.340555    
   3.625605    
  0.3687439    
   4.483000    
   8.390120    
   2.417025    
   2.591924    
   6.722660    
   10.75522    
  0.2534924    
   6.096002    
  0.8782921    
   4.061244    
   2.077753    
   6.434433    
   13.12308    
   8.598836    
   8.475945    
   4.145814    
   3.301774    
   1.539663    
   9.794854    
   8.028091    
   2.942266    
  0.8129959    
  0.1323385    
  0.2746801    
   1.187162    
   5.234055    
   1.493544    
   7.382166    
   2.070844    
   2.333404    
   1.007808    
   3.440673    
   6.579677    
  0.9967947    
   14.10252    
   5.402858    
   6.559680    
   2.140489    
   7.480916    
   4.563397    
   1.733405    
   8.558395    
   10.29352    
   12.04770    
   1.431614    
   10.07281    
   2.834870    
   3.402829    
   8.486099    
   5.491540    
   5.081955    
   3.467251    
   4.054225    
   2.529660    
   2.589913    
   3.211664    
   5.975587    
   6.399328    
   1.913485    
   7.746205    
   8.551216    
   2.665856    
   6.726583    
  0.7230864    
   9.069715    
  0.7900553    
   6.940148    
   2.545106    
  0.5896711    
   3.721157    
   3.622797    
   1.703308    
  0.3099699    
   2.635477    
   4.459241    
   6.066367    
   3.414513    
   2.299503    
   3.131314    
   18.11578    
   6.531874    
   3.853796    
   6.857769    
   1.119639    
   10.39732    
   3.232783    
   9.505043    
   8.163400    
   3.565918    
  0.5527391    
   5.563607    
   1.968867    
  4.0219307E-02
   2.759904    
   6.282454    
  0.7901754    
   1.221599    
   6.301983    
   4.987845    
   11.58909    
   6.057654    
   6.750973    
   1.847357    
   2.668742    
   7.890882    
   1.112718    
   1.602299    
   4.107326    
   1.095523    
   5.099398    
   7.275058    
  0.9029121    
   2.750326    
   8.930294    
   3.589397    
   5.923629    
   7.731507    
   4.631618    
   2.164513    
   4.258799    
  0.7362890    
   9.585490    
   5.141965    
   2.485085    
   7.988540    
   7.607127    
   12.74169    
   2.692380    
   1.586643    
   3.319861    
   3.074926    
   3.954251    
   7.236143    
   2.980080    
   4.703593    
   6.636623    
   5.002265    
   6.603493    
   3.210543    
   1.047662    
   1.413779    
   1.783247    
   5.338506    
   12.30077    
   2.735377    
   1.406095    
