   8.618575    
   15.07129    
   14.22954    
   13.50781    
   4.873337    
   14.45245    
   9.876484    
   16.48724    
   15.40757    
   10.47810    
   10.96272    
   10.20925    
   5.343943    
   13.10594    
   13.45734    
   9.687052    
   9.510222    
   16.39114    
   17.19273    
   10.88653    
   11.54177    
   9.827193    
   9.259980    
   10.25547    
   8.373501    
   14.92210    
   10.23503    
   8.729239    
   10.98630    
   12.25537    
   13.16284    
   16.47607    
   14.65138    
   9.980963    
   10.72538    
   13.88873    
   11.25233    
   14.23680    
   13.03965    
   11.24138    
   11.52606    
   16.37731    
   12.81222    
   9.000039    
   13.16011    
   13.73038    
   11.38669    
   15.67792    
   12.55838    
   12.54568    
   12.77743    
   16.15136    
   14.13986    
   15.44724    
   14.97826    
   9.794717    
   16.67068    
   15.47725    
   16.02807    
   12.14070    
   15.54767    
   14.32472    
   10.68285    
   8.981834    
   14.38539    
   7.933773    
   15.63767    
   8.220815    
   4.513042    
   9.391756    
   10.82491    
   12.80293    
   13.47395    
   14.72780    
   17.08397    
   17.90254    
   11.27551    
   7.790576    
   11.62973    
   10.77057    
   11.07293    
   12.13522    
   16.14658    
   13.77610    
   9.812221    
   15.33004    
   13.03741    
   14.88206    
   13.71183    
   12.96689    
   11.13933    
   10.81066    
   8.878623    
   15.19421    
   18.36437    
   11.09012    
   11.53074    
   18.07102    
   8.116259    
   12.58310    
   14.02460    
   9.612950    
   16.66448    
   13.84989    
   13.47309    
   10.44693    
   10.87207    
   11.44461    
   8.537258    
   16.25299    
   16.96494    
   15.02092    
   10.83160    
   12.60427    
   15.82779    
   5.601871    
   12.87769    
   11.85678    
   12.56985    
   12.57618    
   16.37719    
   13.95079    
   13.75667    
   14.21074    
   10.65090    
   10.28413    
   15.32644    
   15.41518    
   16.16092    
   14.83193    
   16.17753    
   15.00083    
   12.32419    
   16.55766    
   10.61940    
   13.34857    
   8.727367    
   14.04546    
   15.75587    
   7.278891    
   10.31097    
   13.74460    
   13.64680    
   13.65661    
   13.28098    
   11.41968    
   10.51089    
   9.948359    
   9.724140    
   16.47059    
   11.98504    
   10.98750    
   8.491784    
   13.08606    
   12.07660    
   10.44434    
   14.01284    
   11.75328    
   15.59129    
   12.52886    
   10.82073    
   8.358033    
   17.26107    
   10.79205    
   15.49809    
   15.15141    
   13.57135    
   15.40683    
   16.12015    
   13.26666    
   12.13812    
   12.89825    
   13.40885    
   9.289176    
   14.62384    
   13.31801    
   12.13544    
   17.14617    
   16.72315    
   14.20662    
   7.816373    
   14.47773    
   8.444838    
   15.60108    
   10.49154    
   14.34230    
   12.31112    
   13.40718    
   11.82437    
   10.49553    
   13.93771    
   13.27339    
   11.08280    
   11.61930    
   13.28452    
   14.19983    
   3.405408    
   10.78163    
   12.31115    
   10.56015    
   13.18057    
   13.96121    
   11.47114    
   15.81462    
   9.012543    
   16.50522    
   7.410382    
   6.242962    
   15.54260    
   14.17627    
   12.59657    
   10.70131    
   9.622550    
   15.20746    
   6.986853    
   13.22551    
   12.01030    
   16.22447    
   9.009441    
   6.855682    
   10.87383    
   16.42765    
   15.24628    
   10.17246    
   14.21400    
   11.31000    
   11.58852    
   12.66733    
   14.89080    
   9.024723    
   14.88594    
   11.36292    
   9.625934    
   14.47985    
   14.86579    
   15.52934    
   15.63732    
   10.49379    
   12.62865    
   16.59636    
   13.24251    
   7.685657    
   9.946199    
   12.13081    
   12.66352    
   10.76302    
   14.57030    
   15.71091    
   13.46222    
   13.82798    
   12.70805    
   12.31283    
   14.27571    
   12.42143    
   13.36897    
   15.72341    
   12.64868    
   11.83791    
   12.11383    
   16.95357    
   8.029346    
   9.090089    
   12.29373    
   11.41619    
   13.00537    
   15.35526    
   9.308426    
   11.97495    
   10.61574    
   14.67870    
   14.92713    
   12.70489    
   16.11724    
   12.71815    
   11.03376    
   12.33833    
   15.92530    
   13.14540    
   16.06767    
   10.82389    
   13.54822    
   10.33315    
   9.789813    
   10.68446    
   13.89551    
   12.31300    
   10.96034    
   11.76460    
   15.48637    
   12.37807    
   16.36752    
   13.80559    
   15.57667    
   11.92860    
   3.175789    
   8.485866    
   6.737974    
   12.59253    
   13.49249    
   8.098948    
   13.12837    
   15.48423    
   8.443536    
   14.35468    
   8.135325    
   9.246453    
   15.41280    
   13.71356    
   16.19918    
   12.97383    
   14.27914    
   13.52516    
   13.65858    
   6.990037    
   14.63653    
   14.13548    
   13.70298    
   6.981686    
   13.72428    
   12.28272    
   14.24461    
   12.87637    
   15.20693    
   12.68755    
   14.43415    
   12.38270    
   18.21839    
   5.794151    
   14.79196    
   13.21057    
   14.45548    
   11.59934    
   10.79929    
   10.22098    
   4.176725    
   15.20965    
   16.34779    
   13.47618    
   14.80723    
   13.47032    
   16.10830    
   12.36943    
   13.81312    
   12.14697    
   11.52024    
   13.06498    
   11.05511    
   9.847888    
   15.97806    
   11.58446    
   13.83528    
   14.75326    
   12.77147    
   9.636105    
   17.20845    
   10.50749    
   11.96417    
   7.134002    
   13.93078    
   13.45109    
   11.90757    
   11.22669    
   16.58814    
   10.48485    
   15.66539    
   11.17333    
   14.80966    
   8.310133    
   10.03681    
   14.06598    
   15.59766    
   9.131428    
   13.29665    
   8.279552    
   12.19945    
   13.16772    
   13.27526    
   8.601217    
   14.51388    
   16.46009    
   15.56373    
   14.36058    
   11.39268    
   10.60955    
   10.04984    
   12.05074    
   9.563148    
   11.81657    
   12.63534    
   6.478332    
   12.25081    
   15.85737    
   10.67241    
   10.10214    
   13.93013    
   18.05229    
   13.73602    
   10.52476    
   18.17449    
   9.534378    
   6.025661    
   10.31735    
   13.39789    
   9.527638    
   12.03512    
   6.206851    
   11.54974    
   14.26624    
   10.74137    
   8.735663    
   12.55461    
   13.94268    
   11.81354    
   17.41008    
   15.28409    
   13.02558    
   13.73665    
   7.476044    
   10.62315    
   9.025999    
   11.08354    
   13.12627    
   10.17288    
   16.35690    
   11.05271    
   11.20255    
   12.74345    
   11.43154    
   15.57992    
   14.41976    
   10.27896    
   16.47660    
   11.02957    
   13.68510    
   9.790935    
   9.720270    
   13.89895    
   13.28067    
   12.95513    
   14.37280    
   7.496326    
   14.31199    
   14.33849    
   14.77533    
   14.15471    
   11.39413    
   10.79238    
   13.61094    
   7.587815    
   13.81534    
   13.63837    
   7.065637    
   8.645309    
   8.478655    
   14.73837    
   5.376544    
   4.521780    
   10.12722    
   13.72688    
   7.469021    
   9.403112    
   6.768945    
   4.689789    
   14.95816    
   14.43627    
   11.21006    
   15.29571    
   9.841037    
   8.917538    
   11.71030    
   10.24203    
   15.22199    
   6.772595    
   15.63038    
   8.473277    
   14.66765    
   12.94612    
   14.21674    
   16.45806    
   15.16403    
   10.80893    
   10.70434    
   14.93931    
   10.52692    
   16.95022    
   13.32189    
   13.55738    
   15.94992    
   14.41183    
   17.25182    
   9.307556    
   8.900504    
   11.02662    
   5.606890    
   15.91307    
   15.74988    
   15.96793    
   9.118927    
   9.001776    
   4.850830    
   15.42623    
   7.005002    
   11.02285    
   15.77032    
   6.284908    
   15.90002    
   12.04350    
   12.90627    
   13.34089    
   8.953700    
   16.14557    
   14.52999    
   13.18549    
   14.27137    
   14.59773    
   12.43950    
   13.37770    
   15.29161    
   12.65996    
   15.19756    
   5.100677    
   15.95897    
   12.05271    
   9.304079    
   7.610864    
   14.56360    
   8.775027    
   13.01083    
   12.80277    
   10.17164    
   12.94286    
   15.36356    
   13.76932    
   9.675550    
   16.74223    
   13.85986    
   14.96328    
   10.01719    
   7.501461    
   8.330482    
   11.93100    
   13.13109    
   15.52162    
   13.20430    
   13.69680    
   10.94777    
   15.08666    
   10.47201    
   11.76532    
   13.81897    
   16.91005    
   10.05652    
   10.88196    
   16.18901    
   12.09976    
   14.18578    
   14.22078    
   15.83632    
   13.20630    
   7.697509    
   10.75547    
   16.32861    
   9.480088    
   13.80330    
   10.52440    
   12.19948    
   12.34006    
   13.06037    
   11.82654    
   13.32876    
   13.93190    
   12.79185    
   17.55999    
   13.69848    
   14.73514    
   13.80169    
   11.32032    
   11.31109    
   10.75631    
   16.05165    
   12.50434    
   15.39203    
   14.59532    
   10.45579    
   14.77844    
   9.701206    
   17.79706    
   9.156060    
   15.52230    
   14.34048    
   9.676100    
   10.34414    
   16.49218    
   10.93312    
   10.50981    
   10.61932    
   14.16359    
   11.49614    
   15.01358    
   7.469128    
   14.16886    
   13.21496    
   11.25059    
   9.141736    
   15.28443    
   10.28288    
   10.85618    
   13.59949    
   11.56725    
   16.58964    
   16.30424    
   8.879342    
   12.40117    
   12.01435    
   15.85000    
   12.98908    
   5.195690    
   12.07540    
   14.30184    
   16.96696    
   14.29401    
   16.34285    
   13.00138    
   13.85150    
   10.48438    
   14.64923    
   11.79308    
   16.52967    
   11.82006    
   16.66184    
   13.34925    
   9.929400    
   7.134071    
   12.18285    
   10.76698    
   16.01245    
   8.327056    
   12.89895    
   12.12917    
   16.78185    
   15.03156    
   17.68020    
   13.46765    
   17.36775    
   17.72713    
   10.64454    
   11.36182    
   10.70021    
   12.09251    
   7.590290    
   10.88057    
   9.783273    
   8.594125    
   10.86213    
   15.33305    
   14.36903    
   8.005434    
   10.56809    
   10.88557    
   12.69123    
   10.49223    
   10.97432    
   12.63592    
   9.574954    
   13.41199    
   11.74419    
   17.05688    
   14.59835    
   7.982915    
   14.94827    
   11.68325    
   10.20641    
   11.00940    
   17.37280    
   9.689107    
   12.75038    
   15.73659    
   8.653853    
   11.53836    
   15.04878    
   11.19954    
   13.04446    
   9.028501    
   11.21273    
   14.32706    
   18.11943    
   13.47440    
   12.93358    
   10.09653    
   6.967404    
   15.13411    
   7.810952    
   15.50194    
   8.769269    
   9.267383    
   8.941928    
   11.81861    
   7.261664    
   12.93921    
   11.88854    
   15.15828    
   6.877992    
   9.088334    
   11.33293    
   10.19150    
   12.53160    
   13.43129    
   14.26859    
   12.28828    
   11.87809    
   13.57477    
   14.37729    
   7.738394    
   9.587795    
   12.21776    
   14.07088    
   10.79431    
   17.19822    
   12.52865    
   12.49313    
   11.47861    
   6.709116    
   12.58867    
   11.80438    
   11.40647    
   16.73042    
   14.59280    
   14.02538    
   7.645608    
   11.25210    
   14.82545    
   16.21755    
   11.17336    
   13.10944    
   7.198214    
   11.67185    
   12.66224    
   13.04197    
   10.23383    
   10.60943    
   17.02938    
   15.13418    
   10.27621    
   7.689369    
   15.27931    
   14.35885    
   13.54159    
   8.450541    
   13.34739    
   11.09600    
   13.51437    
   13.50594    
   13.14127    
   14.49273    
   13.49165    
   14.83563    
   10.71599    
   16.73261    
   11.63826    
   11.26455    
   8.673479    
   10.77256    
   7.560635    
   11.11282    
   13.14920    
   15.28105    
   6.375260    
   12.43918    
   10.11909    
   15.50494    
   8.398148    
   13.37690    
   10.46407    
   8.593120    
   10.77045    
   14.54664    
   16.26660    
   12.74455    
   13.66468    
   14.77771    
   17.05970    
   8.785139    
   8.373669    
   4.596040    
   12.11918    
   12.95217    
   8.093020    
   10.20680    
   14.79165    
   13.50974    
   7.375041    
   13.49614    
   6.418803    
   13.51698    
   9.665224    
   12.36131    
   13.64145    
   14.55530    
   9.124294    
   14.19876    
   12.74813    
   11.28081    
   13.05382    
   8.909885    
   6.406300    
   13.05505    
   11.72515    
   12.45895    
   13.84620    
   15.29825    
   8.086071    
   12.76207    
   11.61399    
   15.52551    
   8.679737    
   12.62738    
   12.39597    
   15.15028    
   15.85350    
   11.76474    
   12.19660    
   10.80369    
   11.51377    
   15.82543    
   12.25012    
   7.693303    
   15.99225    
   14.91864    
   13.74491    
   16.40450    
   8.417230    
   9.558032    
   9.770432    
   11.28172    
   5.127232    
   10.08946    
   15.78391    
   14.55617    
   10.13159    
   15.09939    
   11.49910    
   9.306530    
   10.85571    
   15.67212    
   9.982589    
   16.51191    
   6.940920    
   15.05321    
   7.321559    
   15.85452    
   5.426170    
   11.00117    
   12.44569    
   13.06844    
   15.35815    
   14.96529    
   10.21171    
   8.339192    
   9.166792    
   7.843147    
   14.08552    
   15.07407    
   7.111966    
   13.99920    
   8.311273    
   11.80954    
   17.40462    
   15.79001    
   9.115096    
   13.60174    
   14.16570    
   12.18518    
   13.39451    
   15.29506    
   7.417977    
   9.468107    
   16.89271    
   17.76270    
   13.11252    
   7.285618    
   11.71106    
   6.581950    
   14.82115    
   14.57923    
   11.26925    
   16.96446    
   12.59851    
   8.732461    
   10.36115    
   11.67833    
   16.66616    
   11.98629    
   10.86561    
   9.985921    
   8.322467    
   10.19961    
   16.45531    
   6.523506    
   16.11470    
   8.901306    
   8.150911    
   8.251319    
   14.68797    
   7.702530    
   16.08681    
   17.59259    
   9.482050    
   14.03062    
   12.92865    
   14.05015    
   12.53410    
   10.41482    
   9.780853    
   13.71861    
   13.80116    
   8.082371    
   6.181202    
   12.77038    
   9.329316    
   14.87812    
   14.23008    
   9.991759    
   17.44670    
   16.38996    
   16.32285    
   10.37036    
   10.70425    
   9.234282    
   13.83344    
   14.38182    
   11.36151    
   14.01116    
   10.48103    
   10.33286    
   5.980118    
   9.911456    
   14.93410    
   16.59204    
   14.84003    
   12.68127    
   15.07593    
   11.25412    
   9.736186    
   8.386568    
   5.488304    
   8.908479    
   11.48132    
   12.99745    
   10.43912    
   14.36961    
   14.95886    
   15.23207    
   16.96710    
   10.40787    
   10.27437    
   11.52804    
   14.89682    
   6.733432    
   15.23878    
   11.45140    
   2.620436    
   7.457147    
   11.92974    
   13.00020    
   9.552775    
   9.862363    
   15.15602    
   15.46773    
   16.74751    
   11.89133    
   14.45170    
   9.371810    
   9.755740    
   11.42600    
   13.57041    
   15.39187    
   12.01374    
   11.88815    
   8.664144    
   8.187829    
   8.043612    
   10.52423    
   11.98242    
   5.618789    
   6.281840    
   12.06253    
   10.19696    
   13.14556    
   10.02718    
   10.50415    
   6.401630    
   11.77148    
   15.69648    
   13.57432    
   14.52498    
   11.31524    
   13.48107    
   8.058650    
   17.65913    
   16.33644    
   13.37588    
   7.984876    
   7.086798    
   14.89143    
   8.410292    
   6.113647    
   15.62883    
   15.23363    
   13.74053    
   9.282584    
   12.51642    
   15.08021    
   13.81756    
   9.780881    
   13.93370    
   12.47166    
   12.19777    
   16.57087    
   11.57936    
   13.88003    
   11.66770    
   14.76904    
   10.58465    
   12.72304    
   10.17479    
   12.47727    
   10.23152    
   16.38287    
   14.41847    
   12.32604    
   14.61603    
   16.99142    
   16.53536    
   13.86823    
   8.368005    
   5.033578    
   17.17328    
   7.675581    
   13.79649    
   7.678333    
   15.40021    
   13.57175    
   12.88307    
   14.49249    
   12.18885    
   15.91445    
   9.654663    
   13.42136    
   15.20716    
   16.27829    
   12.24973    
   7.859114    
   14.10647    
   16.87841    
   12.42863    
   8.164946    
   11.30207    
   11.92188    
   15.02955    
   11.61779    
   7.494525    
   14.49872    
   13.97984    
   12.87893    
   16.13556    
   11.35596    
   14.93415    
   11.46287    
   15.42846    
   14.97275    
   15.07427    
   10.82607    
   5.608745    
   14.34446    
   15.99456    
   15.59556    
   13.77501    
   12.98445    
   13.64491    
   15.32884    
   8.049920    
   11.26184    
   17.59669    
   15.36317    
   9.283893    
   14.36096    
   7.367084    
   11.72353    
   8.331475    
   11.61446    
   8.793687    
   15.84584    
   9.391073    
   5.909464    
   18.16160    
   6.685334    
   14.41261    
   11.29977    
   15.07719    
   15.10952    
   10.85674    
   9.437089    
   10.71442    
   13.50853    
   12.52345    
   13.12616    
   6.118917    
   14.89331    
   14.39859    
   10.29821    
   13.36777    
   7.609500    
   11.17706    
   13.64730    
   9.030470    
   13.50105    
   5.973074    
   15.40397    
   8.333073    
   11.97040    
   15.47845    
   10.80001    
   8.917514    
   16.39752    
   13.76246    
   5.630305    
   11.06231    
   10.29585    
   16.46674    
   14.22381    
   15.05006    
   5.786083    
   13.78044    
   10.91320    
   12.69637    
   15.01013    
   13.81656    
   18.32039    
   11.82201    
   16.58569    
   14.71609    
   16.85831    
   14.36905    
   9.896494    
   10.84595    
   14.54971    
   13.74752    
   13.10136    
   14.91247    
   9.337337    
   11.74281    
   14.29183    
   12.07969    
   9.366983    
   11.42444    
   13.16883    
   14.23886    
   16.59472    
   15.72141    
   10.13760    
   12.93861    
   17.58878    
   15.84612    
   11.44341    
   12.49815    
   14.46696    
   11.90842    
   13.38626    
   17.38121    
   9.383589    
   16.70281    
   11.25006    
   7.007400    
   14.58732    
   15.16298    
   12.53163    
   12.80166    
   7.111556    
   12.85747    
   9.720078    
   14.65812    
   12.67564    
   15.76767    
   13.32915    
   13.53206    
   10.24034    
   13.06830    
   9.269622    
   14.08178    
   14.91325    
   8.022717    
   16.38913    
   13.54096    
   10.98242    
   8.234411    
   12.02655    
   8.581820    
   17.85821    
   14.01137    
   10.97575    
   11.48865    
   12.02721    
   17.28599    
   15.13622    
   12.16404    
   18.44206    
   15.17126    
   12.18962    
   14.63931    
   14.79976    
   9.403192    
   10.04394    
   15.31004    
   6.907423    
   11.36149    
   12.76965    
   17.68367    
   16.02814    
   13.36468    
   13.42115    
   14.27873    
   14.41522    
   8.346511    
   14.33550    
   10.88772    
   10.65316    
   16.46988    
   13.77924    
   12.50839    
   12.33757    
   13.04438    
   12.06029    
   5.972898    
   16.58732    
   5.352975    
   11.85778    
   15.96616    
   11.31793    
   10.77854    
   11.73511    
   10.65066    
   16.01050    
   15.47525    
   16.96591    
   9.847573    
   11.30685    
   10.81420    
   7.948399    
   12.74820    
   14.32766    
   13.27583    
   10.25511    
   14.48817    
   13.40641    
   12.63658    
   13.81638    
   13.11443    
   12.36322    
   16.44754    
   12.51190    
   12.77625    
   10.86230    
   7.612145    
   11.35282    
   11.95384    
   14.71325    
   12.29002    
   16.03089    
   17.29710    
   11.62575    
   14.02254    
   3.301065    
   10.67247    
   5.897713    
   11.01802    
   11.52574    
   8.152316    
   16.14891    
   13.29270    
   10.93382    
   11.86103    
   11.81320    
   12.40321    
   9.641339    
   16.60815    
   4.177365    
   16.65302    
   16.13169    
   15.24476    
   15.20902    
   11.10720    
   12.70624    
   8.300363    
   11.55294    
   15.60264    
   12.91126    
   16.10682    
   10.90206    
   14.38836    
   13.33750    
   10.21474    
   11.15934    
   7.709137    
   7.595425    
   15.17576    
   15.33670    
   16.73101    
   14.33576    
   12.13387    
   4.564238    
   12.32494    
   9.220271    
   14.20363    
   11.98360    
   11.69585    
   10.07119    
   9.679833    
   9.392675    
   12.69566    
   7.574121    
   14.47563    
   12.91568    
   9.284718    
   14.68227    
   11.62808    
   11.50657    
   15.75812    
   14.05432    
   13.25808    
   12.86086    
   10.01982    
   14.09340    
   15.22827    
   10.25125    
   9.586861    
   14.37868    
   6.113501    
   11.93893    
   15.03394    
   11.84543    
   13.30057    
   12.58726    
   10.23419    
   15.49682    
   12.05286    
   7.185485    
   11.54849    
   12.20241    
   13.04139    
   9.140868    
   3.853032    
   12.66059    
   11.38338    
   9.466244    
   11.13435    
   15.79265    
   15.97708    
   15.94837    
   8.965820    
   9.218581    
   16.62717    
   13.57035    
   10.64682    
   12.51108    
   11.57319    
   8.568739    
   8.725167    
   16.11493    
   9.956218    
   6.351236    
   11.41050    
   13.87459    
   12.75747    
   12.00504    
   16.45342    
   8.203143    
   8.902545    
   6.998644    
   13.05039    
   15.45357    
   13.16452    
   10.72863    
   9.080256    
   7.152284    
   12.34349    
   11.25430    
   14.97713    
   14.19631    
   11.32892    
   16.42863    
   14.11042    
   14.64370    
   16.23706    
   7.083084    
   12.30968    
   12.19150    
   10.70094    
   9.313912    
   8.920122    
   9.467145    
   12.39843    
   14.59527    
   14.86314    
   16.53970    
   11.32202    
   6.823219    
   16.95279    
   13.64008    
   15.22116    
   3.473701    
   14.46461    
   8.801811    
   7.644377    
   6.468246    
   14.13639    
   15.85188    
   8.615459    
   6.685548    
   15.90284    
   15.43391    
   13.51241    
   13.33314    
   14.26595    
   15.35671    
   13.01362    
   11.31679    
   13.18144    
   9.675292    
   6.613361    
   6.771723    
   14.95308    
   12.22564    
   9.943842    
   10.47914    
   7.848029    
   11.10842    
   9.871925    
   13.58370    
   12.30547    
   7.922565    
   8.105540    
   13.80853    
   11.81455    
   14.09137    
   8.606101    
   5.496902    
   14.12882    
   16.86217    
   11.84639    
   6.848569    
   14.00712    
   17.82784    
   16.04483    
   13.39053    
   11.91997    
   12.78516    
   8.885334    
   11.36374    
   5.734975    
   5.391579    
   7.855101    
   17.22598    
   11.97187    
   7.564860    
   13.98042    
   4.622319    
   9.313677    
   16.24744    
   15.76793    
   14.00853    
   12.54947    
   13.77608    
   16.45771    
   8.623185    
   9.990197    
   12.88166    
   15.75087    
   12.92540    
   13.64096    
   14.62394    
   11.09087    
   13.84765    
   8.635390    
   14.00162    
   10.89213    
   11.72968    
   14.58518    
   5.584052    
   14.37180    
   14.05608    
   16.10881    
   11.79960    
   14.54722    
   9.352898    
   5.251216    
   14.93293    
   13.13037    
   8.331296    
   11.25571    
   14.41086    
